Time,Driver,DriverNumber,LapTime,LapNumber,Stint,PitOutTime,PitInTime,Sector1Time,Sector2Time,Sector3Time,Sector1SessionTime,Sector2SessionTime,Sector3SessionTime,SpeedI1,SpeedI2,SpeedFL,SpeedST,IsPersonalBest,Compound,TyreLife,FreshTyre,Team,LapStartTime,LapStartDate,TrackStatus,Position,Deleted,DeletedReason,FastF1Generated,IsAccurate
3401.503,VER,1,111.344,1.0,1.0,,,,29.908,47.019,,3354.521,3401.631,238.0,164.0,178.0,237.0,False,MEDIUM,1.0,True,Red Bull Racing,3289.896,2024-12-01 16:03:33.084,124,1.0,False,,False,False
3542.76,VER,1,141.257,2.0,1.0,,,55.914,43.653,41.69,3457.454,3501.107,3542.797,189.0,208.0,207.0,182.0,True,MEDIUM,2.0,True,Red Bull Racing,3401.503,2024-12-01 16:05:24.691,4,1.0,False,,False,False
3680.15,VER,1,137.39,3.0,1.0,,,51.955,42.864,42.571,3594.752,3637.616,3680.187,193.0,193.0,235.0,206.0,True,MEDIUM,3.0,True,Red Bull Racing,3542.76,2024-12-01 16:07:45.948,4,1.0,False,,False,False
3833.242,VER,1,,4.0,1.0,,,48.051,42.711,62.317,3728.382,3771.07,3833.39,,211.0,274.0,165.0,False,MEDIUM,4.0,True,Red Bull Racing,3680.15,2024-12-01 16:10:03.338,41,1.0,False,,False,False
3919.966,VER,1,86.724,5.0,1.0,,,32.248,29.054,25.422,3865.527,3894.581,3920.003,237.0,282.0,274.0,291.0,True,MEDIUM,5.0,True,Red Bull Racing,3833.242,2024-12-01 16:12:36.430,12,1.0,False,,False,True
4006.468,VER,1,86.502,6.0,1.0,,,32.141,29.044,25.317,3952.144,3981.188,4006.505,,283.0,275.0,295.0,True,MEDIUM,6.0,True,Red Bull Racing,3919.966,2024-12-01 16:14:03.154,1,1.0,False,,False,True
4092.844,VER,1,86.376,7.0,1.0,,,32.062,28.973,25.341,4038.567,4067.54,4092.881,238.0,283.0,275.0,296.0,True,MEDIUM,7.0,True,Red Bull Racing,4006.468,2024-12-01 16:15:29.656,1,1.0,False,,False,True
4179.124,VER,1,86.28,8.0,1.0,,,32.029,29.033,25.218,4124.91,4153.943,4179.161,,283.0,276.0,297.0,True,MEDIUM,8.0,True,Red Bull Racing,4092.844,2024-12-01 16:16:56.032,1,1.0,False,,False,True
4265.324,VER,1,86.2,9.0,1.0,,,31.963,29.032,25.205,4211.124,4240.156,4265.361,239.0,284.0,276.0,298.0,True,MEDIUM,9.0,True,Red Bull Racing,4179.124,2024-12-01 16:18:22.312,1,1.0,False,,False,True
4351.297,VER,1,85.973,10.0,1.0,,,31.908,29.002,25.063,4297.269,4326.271,4351.334,,284.0,276.0,,True,MEDIUM,10.0,True,Red Bull Racing,4265.324,2024-12-01 16:19:48.512,1,1.0,False,,False,True
4437.105,VER,1,85.808,11.0,1.0,,,31.923,28.93,24.955,4383.257,4412.187,4437.142,238.0,284.0,276.0,299.0,True,MEDIUM,11.0,True,Red Bull Racing,4351.297,2024-12-01 16:21:14.485,1,1.0,False,,False,True
4523.008,VER,1,85.903,12.0,1.0,,,31.866,29.005,25.032,4469.008,4498.013,4523.045,,284.0,276.0,,False,MEDIUM,12.0,True,Red Bull Racing,4437.105,2024-12-01 16:22:40.293,1,1.0,False,,False,True
4608.851,VER,1,85.843,13.0,1.0,,,31.903,28.955,24.985,4554.948,4583.903,4608.888,,284.0,276.0,,False,MEDIUM,13.0,True,Red Bull Racing,4523.008,2024-12-01 16:24:06.196,1,1.0,False,,False,True
4694.663,VER,1,85.812,14.0,1.0,,,31.899,28.998,24.915,4640.787,4669.785,4694.7,,285.0,276.0,,False,MEDIUM,14.0,True,Red Bull Racing,4608.851,2024-12-01 16:25:32.039,1,1.0,False,,False,True
4780.361,VER,1,85.698,15.0,1.0,,,31.819,28.962,24.917,4726.519,4755.481,4780.398,239.0,284.0,276.0,,True,MEDIUM,15.0,True,Red Bull Racing,4694.663,2024-12-01 16:26:57.851,1,1.0,False,,False,True
4865.966,VER,1,85.605,16.0,1.0,,,31.776,28.999,24.83,4812.174,4841.173,4866.003,,284.0,276.0,,True,MEDIUM,16.0,True,Red Bull Racing,4780.361,2024-12-01 16:28:23.549,1,1.0,False,,False,True
4951.426,VER,1,85.46,17.0,1.0,,,31.727,28.954,24.779,4897.73,4926.684,4951.463,,284.0,277.0,,True,MEDIUM,17.0,True,Red Bull Racing,4865.966,2024-12-01 16:29:49.154,1,1.0,False,,False,True
5036.505,VER,1,85.079,18.0,1.0,,,31.6,28.89,24.589,4983.063,5011.953,5036.542,,285.0,277.0,300.0,True,MEDIUM,18.0,True,Red Bull Racing,4951.426,2024-12-01 16:31:14.614,1,1.0,False,,False,True
5121.814,VER,1,85.309,19.0,1.0,,,31.713,28.894,24.702,5068.255,5097.149,5121.851,238.0,284.0,277.0,,False,MEDIUM,19.0,True,Red Bull Racing,5036.505,2024-12-01 16:32:39.693,1,1.0,False,,False,True
5206.71,VER,1,84.896,20.0,1.0,,,31.57,28.845,24.481,5153.421,5182.266,5206.747,241.0,285.0,277.0,302.0,True,MEDIUM,20.0,True,Red Bull Racing,5121.814,2024-12-01 16:34:05.002,1,1.0,False,,False,True
5291.68,VER,1,84.97,21.0,1.0,,,31.578,28.803,24.589,5238.325,5267.128,5291.717,,285.0,278.0,,False,MEDIUM,21.0,True,Red Bull Racing,5206.71,2024-12-01 16:35:29.898,1,1.0,False,,False,True
5376.588,VER,1,84.908,22.0,1.0,,,31.559,28.869,24.48,5323.276,5352.145,5376.625,,285.0,278.0,,False,MEDIUM,22.0,True,Red Bull Racing,5291.68,2024-12-01 16:36:54.868,1,1.0,False,,False,True
5461.444,VER,1,84.856,23.0,1.0,,,31.542,28.855,24.459,5408.167,5437.022,5461.481,243.0,285.0,278.0,,True,MEDIUM,23.0,True,Red Bull Racing,5376.588,2024-12-01 16:38:19.776,1,1.0,False,,False,True
5546.269,VER,1,84.825,24.0,1.0,,,31.522,28.842,24.461,5493.003,5521.845,5546.306,242.0,285.0,278.0,303.0,True,MEDIUM,24.0,True,Red Bull Racing,5461.444,2024-12-01 16:39:44.632,1,1.0,False,,False,True
5630.971,VER,1,84.702,25.0,1.0,,,31.487,28.807,24.408,5577.793,5606.6,5631.008,241.0,286.0,278.0,,True,MEDIUM,25.0,True,Red Bull Racing,5546.269,2024-12-01 16:41:09.457,1,1.0,False,,False,True
5715.746,VER,1,84.775,26.0,1.0,,,31.528,28.774,24.473,5662.536,5691.31,5715.783,,286.0,279.0,304.0,False,MEDIUM,26.0,True,Red Bull Racing,5630.971,2024-12-01 16:42:34.159,1,1.0,False,,False,True
5800.466,VER,1,84.72,27.0,1.0,,,31.48,28.776,24.464,5747.263,5776.039,5800.503,242.0,286.0,279.0,,False,MEDIUM,27.0,True,Red Bull Racing,5715.746,2024-12-01 16:43:58.934,1,1.0,False,,False,True
5885.185,VER,1,84.719,28.0,1.0,,,31.554,28.728,24.437,5832.057,5860.785,5885.222,243.0,286.0,280.0,305.0,False,MEDIUM,28.0,True,Red Bull Racing,5800.466,2024-12-01 16:45:23.654,1,1.0,False,,False,True
5970.046,VER,1,84.861,29.0,1.0,,,31.506,28.938,24.417,5916.728,5945.666,5970.083,242.0,285.0,279.0,308.0,False,MEDIUM,29.0,True,Red Bull Racing,5885.185,2024-12-01 16:46:48.373,1,1.0,False,,False,True
6055.173,VER,1,85.127,30.0,1.0,,,32.006,28.661,24.46,6002.089,6030.75,6055.21,241.0,286.0,278.0,294.0,False,MEDIUM,30.0,True,Red Bull Racing,5970.046,2024-12-01 16:48:13.234,12,1.0,False,,False,True
6139.586,VER,1,84.413,31.0,1.0,,,31.331,28.66,24.422,6086.541,6115.201,6139.623,245.0,286.0,279.0,302.0,True,MEDIUM,31.0,True,Red Bull Racing,6055.173,2024-12-01 16:49:38.361,1,1.0,False,,False,True
6224.013,VER,1,84.427,32.0,1.0,,,31.35,28.605,24.472,6170.973,6199.578,6224.05,240.0,286.0,279.0,304.0,False,MEDIUM,32.0,True,Red Bull Racing,6139.586,2024-12-01 16:51:02.774,1,1.0,False,,False,True
6308.363,VER,1,84.35,33.0,1.0,,,31.382,28.648,24.32,6255.432,6284.08,6308.4,242.0,286.0,280.0,,True,MEDIUM,33.0,True,Red Bull Racing,6224.013,2024-12-01 16:52:27.201,1,1.0,False,,False,True
6392.831,VER,1,84.468,34.0,1.0,,,31.402,28.639,24.427,6339.802,6368.441,6392.868,,286.0,278.0,,False,MEDIUM,34.0,True,Red Bull Racing,6308.363,2024-12-01 16:53:51.551,1,1.0,False,,False,True
6485.138,VER,1,92.307,35.0,1.0,,6481.004,31.358,28.651,32.298,6424.226,6452.877,6485.175,,286.0,,305.0,False,MEDIUM,35.0,True,Red Bull Racing,6392.831,2024-12-01 16:55:16.019,14,1.0,False,,False,False
6654.405,VER,1,,36.0,2.0,6509.321,6650.228,63.617,52.4,53.138,6548.918,6601.304,6654.522,225.0,139.0,,165.0,False,HARD,1.0,True,Red Bull Racing,6485.138,2024-12-01 16:56:48.326,4,1.0,False,,False,False
6822.98,VER,1,,37.0,3.0,6674.174,6818.787,73.984,45.776,48.892,6728.349,6774.125,6823.07,148.0,163.0,,64.0,False,HARD,2.0,False,Red Bull Racing,6654.405,2024-12-01 16:59:37.593,4,1.0,False,,False,False
6974.039,VER,1,,38.0,4.0,6841.64,,64.647,45.118,41.324,6887.706,6932.797,6974.277,176.0,220.0,200.0,109.0,False,HARD,3.0,False,Red Bull Racing,6822.98,2024-12-01 17:02:26.168,4,1.0,False,,False,False
7120.192,VER,1,146.153,39.0,4.0,,,52.041,42.307,51.805,7026.117,7068.424,7120.229,210.0,247.0,273.0,167.0,False,HARD,4.0,False,Red Bull Racing,6974.039,2024-12-01 17:04:57.227,41,1.0,False,,False,False
7219.628,VER,1,99.436,40.0,4.0,,,32.495,28.608,38.333,7152.724,7181.332,7219.665,237.0,284.0,240.0,292.0,False,HARD,5.0,False,Red Bull Racing,7120.192,2024-12-01 17:07:23.380,1264,1.0,False,,False,False
7355.704,VER,1,136.076,41.0,4.0,,,45.761,45.063,45.252,7265.426,7310.489,7355.741,196.0,181.0,199.0,258.0,False,HARD,6.0,False,Red Bull Racing,7219.628,2024-12-01 17:09:02.816,4,1.0,False,,False,False
7504.787,VER,1,149.083,42.0,4.0,,,49.03,43.045,57.008,7404.771,7447.816,7504.824,165.0,200.0,277.0,,False,HARD,7.0,False,Red Bull Racing,7355.704,2024-12-01 17:11:18.892,41,1.0,False,,False,False
7589.296,VER,1,84.509,43.0,4.0,,,31.8,28.273,24.436,7536.624,7564.897,7589.333,243.0,286.0,278.0,294.0,False,HARD,8.0,False,Red Bull Racing,7504.787,2024-12-01 17:13:47.975,1,1.0,False,,False,True
7672.829,VER,1,83.533,44.0,4.0,,,31.171,28.141,24.221,7620.504,7648.645,7672.866,,286.0,279.0,298.0,True,HARD,9.0,False,Red Bull Racing,7589.296,2024-12-01 17:15:12.484,1,1.0,False,,False,True
7756.222,VER,1,83.393,45.0,4.0,,,31.026,28.21,24.157,7703.892,7732.102,7756.259,244.0,287.0,280.0,299.0,True,HARD,10.0,False,Red Bull Racing,7672.829,2024-12-01 17:16:36.017,1,1.0,False,,False,True
7839.592,VER,1,83.37,46.0,4.0,,,31.045,28.104,24.221,7787.304,7815.408,7839.629,245.0,287.0,280.0,301.0,True,HARD,11.0,False,Red Bull Racing,7756.222,2024-12-01 17:17:59.410,1,1.0,False,,False,True
7922.895,VER,1,83.303,47.0,4.0,,,31.11,28.072,24.121,7870.739,7898.811,7922.932,243.0,287.0,280.0,302.0,True,HARD,12.0,False,Red Bull Racing,7839.592,2024-12-01 17:19:22.780,1,1.0,False,,False,True
8006.318,VER,1,83.423,48.0,4.0,,,31.055,28.226,24.142,7953.987,7982.213,8006.355,241.0,287.0,281.0,,False,HARD,13.0,False,Red Bull Racing,7922.895,2024-12-01 17:20:46.083,1,1.0,False,,False,True
8089.786,VER,1,83.468,49.0,4.0,,,31.01,28.159,24.299,8037.365,8065.524,8089.823,243.0,287.0,279.0,,False,HARD,14.0,False,Red Bull Racing,8006.318,2024-12-01 17:22:09.506,1,1.0,False,,False,True
8173.107,VER,1,83.321,50.0,4.0,,,31.006,28.109,24.206,8120.829,8148.938,8173.144,244.0,287.0,281.0,,False,HARD,15.0,False,Red Bull Racing,8089.786,2024-12-01 17:23:32.974,1,1.0,False,,False,True
8256.15,VER,1,83.043,51.0,4.0,,,30.912,28.078,24.053,8204.056,8232.134,8256.187,247.0,288.0,281.0,,True,HARD,16.0,False,Red Bull Racing,8173.107,2024-12-01 17:24:56.295,1,1.0,False,,False,True
8339.312,VER,1,83.162,52.0,4.0,,,30.936,28.109,24.117,8287.123,8315.232,8339.349,,288.0,280.0,,False,HARD,17.0,False,Red Bull Racing,8256.15,2024-12-01 17:26:19.338,1,1.0,False,,False,True
8422.444,VER,1,83.132,53.0,4.0,,,30.833,28.166,24.133,8370.182,8398.348,8422.481,246.0,288.0,281.0,,False,HARD,18.0,False,Red Bull Racing,8339.312,2024-12-01 17:27:42.500,1,1.0,False,,False,True
8505.45,VER,1,83.006,54.0,4.0,,,30.855,28.119,24.032,8453.336,8481.455,8505.487,245.0,288.0,281.0,303.0,True,HARD,19.0,False,Red Bull Racing,8422.444,2024-12-01 17:29:05.632,1,1.0,False,,False,True
8588.355,VER,1,82.905,55.0,4.0,,,30.904,28.005,23.996,8536.391,8564.396,8588.392,246.0,289.0,281.0,,True,HARD,20.0,False,Red Bull Racing,8505.45,2024-12-01 17:30:28.638,1,1.0,False,,False,True
8671.724,VER,1,83.369,56.0,4.0,,,30.895,28.11,24.364,8619.287,8647.397,8671.761,,288.0,281.0,,False,HARD,21.0,False,Red Bull Racing,8588.355,2024-12-01 17:31:51.543,1,1.0,False,,False,True
8755.5,VER,1,83.776,57.0,4.0,,,30.933,28.157,24.686,8702.694,8730.851,8755.537,,288.0,274.0,,False,HARD,22.0,False,Red Bull Racing,8671.724,2024-12-01 17:33:14.912,1,1.0,False,,False,True
3421.071,GAS,10,130.912,1.0,1.0,,,,49.614,42.077,,3379.085,3421.164,220.0,185.0,124.0,255.0,False,MEDIUM,1.0,True,Alpine,3289.896,2024-12-01 16:03:33.084,124,12.0,False,,False,False
3564.878,GAS,10,143.807,2.0,1.0,,,51.905,45.644,46.258,3473.022,3518.666,3564.924,205.0,244.0,209.0,261.0,True,MEDIUM,2.0,True,Alpine,3421.071,2024-12-01 16:05:44.259,4,12.0,False,,False,False
3704.387,GAS,10,139.509,3.0,1.0,,,47.334,42.604,49.571,3612.258,3654.862,3704.433,124.0,237.0,221.0,282.0,True,MEDIUM,3.0,True,Alpine,3564.878,2024-12-01 16:08:08.066,4,12.0,False,,False,False
3837.475,GAS,10,133.088,4.0,1.0,,,40.906,40.187,51.995,3745.339,3785.526,3837.521,125.0,235.0,274.0,284.0,True,MEDIUM,4.0,True,Alpine,3704.387,2024-12-01 16:10:27.575,41,12.0,False,,False,False
3928.9,GAS,10,91.425,5.0,1.0,,,34.282,30.33,26.813,3871.803,3902.133,3928.946,228.0,282.0,282.0,309.0,True,MEDIUM,5.0,True,Alpine,3837.475,2024-12-01 16:12:40.663,12,12.0,False,,False,True
4017.318,GAS,10,88.418,6.0,1.0,,,32.726,29.765,25.927,3961.672,3991.437,4017.364,230.0,282.0,276.0,303.0,True,MEDIUM,6.0,True,Alpine,3928.9,2024-12-01 16:14:12.088,1,11.0,False,,False,True
4105.056,GAS,10,87.738,7.0,1.0,,,32.521,29.453,25.764,4049.885,4079.338,4105.102,232.0,282.0,278.0,321.0,True,MEDIUM,7.0,True,Alpine,4017.318,2024-12-01 16:15:40.506,1,11.0,False,,False,True
4192.937,GAS,10,87.881,8.0,1.0,,,32.603,29.575,25.703,4137.705,4167.28,4192.983,231.0,284.0,276.0,328.0,False,MEDIUM,8.0,True,Alpine,4105.056,2024-12-01 16:17:08.244,1,11.0,False,,False,True
4280.517,GAS,10,87.58,9.0,1.0,,,32.447,29.563,25.57,4225.43,4254.993,4280.563,232.0,283.0,277.0,,True,MEDIUM,9.0,True,Alpine,4192.937,2024-12-01 16:18:36.125,1,11.0,False,,False,True
4368.789,GAS,10,88.272,10.0,1.0,,,32.868,29.806,25.598,4313.431,4343.237,4368.835,231.0,284.0,278.0,327.0,False,MEDIUM,10.0,True,Alpine,4280.517,2024-12-01 16:20:03.705,1,11.0,False,,False,True
4456.97,GAS,10,88.181,11.0,1.0,,,32.973,29.776,25.432,4401.808,4431.584,4457.016,232.0,285.0,279.0,328.0,False,MEDIUM,11.0,True,Alpine,4368.789,2024-12-01 16:21:31.977,1,11.0,True,TRACK LIMITS AT TURN 7 LAP 11 ,False,True
4544.797,GAS,10,87.827,12.0,1.0,,,32.795,29.655,25.377,4489.811,4519.466,4544.843,233.0,286.0,279.0,,False,MEDIUM,12.0,True,Alpine,4456.97,2024-12-01 16:23:00.158,1,11.0,False,,False,True
4631.783,GAS,10,86.986,13.0,1.0,,,32.127,29.376,25.483,4576.97,4606.346,4631.829,230.0,285.0,276.0,329.0,True,MEDIUM,13.0,True,Alpine,4544.797,2024-12-01 16:24:27.985,1,10.0,False,,False,True
4718.794,GAS,10,87.011,14.0,1.0,,,32.414,29.277,25.32,4664.243,4693.52,4718.84,233.0,282.0,276.0,302.0,False,MEDIUM,14.0,True,Alpine,4631.783,2024-12-01 16:25:54.971,1,10.0,False,,False,True
4805.531,GAS,10,86.737,15.0,1.0,,,32.245,29.261,25.231,4751.085,4780.346,4805.577,234.0,284.0,276.0,303.0,True,MEDIUM,15.0,True,Alpine,4718.794,2024-12-01 16:27:21.982,1,10.0,False,,False,True
4892.231,GAS,10,86.7,16.0,1.0,,,32.303,29.209,25.188,4837.88,4867.089,4892.277,236.0,283.0,277.0,306.0,True,MEDIUM,16.0,True,Alpine,4805.531,2024-12-01 16:28:48.719,1,10.0,False,,False,True
4978.745,GAS,10,86.514,17.0,1.0,,,32.078,29.277,25.159,4924.355,4953.632,4978.791,,284.0,278.0,324.0,True,MEDIUM,17.0,True,Alpine,4892.231,2024-12-01 16:30:15.419,1,10.0,False,,False,True
5065.439,GAS,10,86.694,18.0,1.0,,,32.118,29.355,25.221,5010.909,5040.264,5065.485,235.0,285.0,277.0,,False,MEDIUM,18.0,True,Alpine,4978.745,2024-12-01 16:31:41.933,1,10.0,False,,False,True
5152.135,GAS,10,86.696,19.0,1.0,,,32.166,29.394,25.136,5097.651,5127.045,5152.181,236.0,283.0,277.0,323.0,False,MEDIUM,19.0,True,Alpine,5065.439,2024-12-01 16:33:08.627,1,10.0,False,,False,True
5238.504,GAS,10,86.369,20.0,1.0,,,32.071,29.356,24.942,5184.252,5213.608,5238.55,237.0,285.0,278.0,,True,MEDIUM,20.0,True,Alpine,5152.135,2024-12-01 16:34:35.323,1,10.0,False,,False,True
5325.45,GAS,10,86.946,21.0,1.0,,,32.197,29.566,25.183,5270.747,5300.313,5325.496,234.0,285.0,277.0,326.0,False,MEDIUM,21.0,True,Alpine,5238.504,2024-12-01 16:36:01.692,1,10.0,False,,False,True
5411.903,GAS,10,86.453,22.0,1.0,,,32.1,29.201,25.152,5357.596,5386.797,5411.949,,284.0,277.0,304.0,False,MEDIUM,22.0,True,Alpine,5325.45,2024-12-01 16:37:28.638,1,10.0,False,,False,True
5498.201,GAS,10,86.298,23.0,1.0,,,32.082,29.142,25.074,5444.031,5473.173,5498.247,236.0,285.0,277.0,306.0,True,MEDIUM,23.0,True,Alpine,5411.903,2024-12-01 16:38:55.091,1,10.0,False,,False,True
5584.436,GAS,10,86.235,24.0,1.0,,,32.077,29.163,24.995,5530.324,5559.487,5584.482,,285.0,277.0,,True,MEDIUM,24.0,True,Alpine,5498.201,2024-12-01 16:40:21.389,1,9.0,False,,False,True
5670.61,GAS,10,86.174,25.0,1.0,,,32.08,29.131,24.963,5616.562,5645.693,5670.656,,285.0,277.0,,True,MEDIUM,25.0,True,Alpine,5584.436,2024-12-01 16:41:47.624,1,9.0,False,,False,True
5756.73,GAS,10,86.12,26.0,1.0,,,31.97,29.155,24.995,5702.626,5731.781,5756.776,238.0,285.0,277.0,,True,MEDIUM,26.0,True,Alpine,5670.61,2024-12-01 16:43:13.798,1,9.0,False,,False,True
5842.699,GAS,10,85.969,27.0,1.0,,,32.094,29.035,24.84,5788.87,5817.905,5842.745,,285.0,276.0,,True,MEDIUM,27.0,True,Alpine,5756.73,2024-12-01 16:44:39.918,1,8.0,False,,False,True
5928.232,GAS,10,85.533,28.0,1.0,,,31.861,28.868,24.804,5874.606,5903.474,5928.278,,284.0,276.0,302.0,True,MEDIUM,28.0,True,Alpine,5842.699,2024-12-01 16:46:05.887,1,8.0,False,,False,True
6013.82,GAS,10,85.588,29.0,1.0,,,31.852,28.873,24.863,5960.13,5989.003,6013.866,239.0,284.0,276.0,,False,MEDIUM,29.0,True,Alpine,5928.232,2024-12-01 16:47:31.420,12,8.0,False,,False,True
6099.164,GAS,10,85.344,30.0,1.0,,,31.754,28.826,24.764,6045.62,6074.446,6099.21,,284.0,276.0,,True,MEDIUM,30.0,True,Alpine,6013.82,2024-12-01 16:48:57.008,1,8.0,False,,False,True
6184.499,GAS,10,85.335,31.0,1.0,,,31.701,28.914,24.72,6130.911,6159.825,6184.545,,285.0,276.0,,True,MEDIUM,31.0,True,Alpine,6099.164,2024-12-01 16:50:22.352,1,8.0,False,,False,True
6269.83,GAS,10,85.331,32.0,1.0,,,31.803,28.863,24.665,6216.348,6245.211,6269.876,240.0,285.0,277.0,300.0,True,MEDIUM,32.0,True,Alpine,6184.499,2024-12-01 16:51:47.687,1,8.0,False,,False,True
6354.952,GAS,10,85.122,33.0,1.0,,,31.594,28.821,24.707,6301.47,6330.291,6354.998,,285.0,276.0,302.0,True,MEDIUM,33.0,True,Alpine,6269.83,2024-12-01 16:53:13.018,1,8.0,False,,False,True
6440.574,GAS,10,85.622,34.0,1.0,,,31.639,29.087,24.896,6386.637,6415.724,6440.62,238.0,285.0,276.0,303.0,False,MEDIUM,34.0,True,Alpine,6354.952,2024-12-01 16:54:38.140,1,7.0,False,,False,True
6552.071,GAS,10,111.497,35.0,1.0,,6547.97,32.286,41.08,38.131,6472.906,6513.986,6552.117,137.0,256.0,,301.0,False,MEDIUM,35.0,True,Alpine,6440.574,2024-12-01 16:56:03.762,14,6.0,False,,False,False
6694.231,GAS,10,142.16,36.0,2.0,6576.808,6690.152,63.197,42.11,36.853,6615.314,6657.424,6694.277,215.0,241.0,,176.0,False,HARD,1.0,True,Alpine,6552.071,2024-12-01 16:57:55.259,4,6.0,False,,False,False
6835.535,GAS,10,141.304,37.0,3.0,6712.82,6830.472,51.311,35.985,54.008,6745.588,6781.573,6835.581,223.0,244.0,,169.0,False,HARD,2.0,False,Alpine,6694.231,2024-12-01 17:00:17.419,4,6.0,False,,False,False
6982.123,GAS,10,146.588,38.0,4.0,6861.01,,60.138,41.959,44.491,6895.719,6937.678,6982.169,160.0,267.0,239.0,155.0,False,HARD,3.0,False,Alpine,6835.535,2024-12-01 17:02:38.723,4,6.0,False,,False,False
7121.402,GAS,10,139.279,39.0,4.0,,,50.038,42.243,46.998,7032.207,7074.45,7121.448,181.0,255.0,277.0,163.0,False,HARD,4.0,False,Alpine,6982.123,2024-12-01 17:05:05.311,41,5.0,True,TRACK LIMITS AT TURN 14 LAP 39 ,False,False
7229.878,GAS,10,108.476,40.0,4.0,,,34.603,30.985,42.888,7156.051,7187.036,7229.924,225.0,101.0,240.0,309.0,False,HARD,5.0,False,Alpine,7121.402,2024-12-01 17:07:24.590,1264,6.0,False,,False,False
7362.979,GAS,10,133.101,41.0,4.0,,,40.939,45.715,46.447,7270.863,7316.578,7363.025,120.0,164.0,240.0,274.0,False,HARD,6.0,False,Alpine,7229.878,2024-12-01 17:09:13.066,4,6.0,False,,False,False
7506.924,GAS,10,143.945,42.0,4.0,,,47.288,45.397,51.26,7410.313,7455.71,7506.97,192.0,244.0,280.0,,False,HARD,7.0,False,Alpine,7362.979,2024-12-01 17:11:26.167,41,6.0,False,,False,False
7594.209,GAS,10,87.285,43.0,4.0,,,33.232,29.232,24.821,7540.202,7569.434,7594.255,237.0,287.0,278.0,309.0,False,HARD,8.0,False,Alpine,7506.924,2024-12-01 17:13:50.112,1,6.0,False,,False,True
7679.63,GAS,10,85.421,44.0,4.0,,,31.881,28.794,24.746,7626.136,7654.93,7679.676,238.0,284.0,278.0,305.0,False,HARD,9.0,False,Alpine,7594.209,2024-12-01 17:15:17.397,1,6.0,True,TRACK LIMITS AT TURN 16 LAP 44 ,False,True
7764.138,GAS,10,84.508,45.0,4.0,,,31.549,28.423,24.536,7711.225,7739.648,7764.184,242.0,286.0,279.0,,False,HARD,10.0,False,Alpine,7679.63,2024-12-01 17:16:42.818,1,6.0,True,TRACK LIMITS AT TURN 16 (NEXT LAP),False,True
7848.376,GAS,10,84.238,46.0,4.0,,,31.374,28.478,24.386,7795.558,7824.036,7848.422,241.0,286.0,279.0,304.0,True,HARD,11.0,False,Alpine,7764.138,2024-12-01 17:18:07.326,1,5.0,False,,False,True
7932.473,GAS,10,84.097,47.0,4.0,,,31.286,28.462,24.349,7879.708,7908.17,7932.519,240.0,286.0,279.0,307.0,True,HARD,12.0,False,Alpine,7848.376,2024-12-01 17:19:31.564,1,5.0,False,,False,True
8016.629,GAS,10,84.156,48.0,4.0,,,31.348,28.435,24.373,7963.867,7992.302,8016.675,242.0,287.0,279.0,305.0,False,HARD,13.0,False,Alpine,7932.473,2024-12-01 17:20:55.661,1,5.0,False,,False,True
8100.571,GAS,10,83.942,49.0,4.0,,,31.302,28.324,24.316,8047.977,8076.301,8100.617,240.0,287.0,279.0,304.0,True,HARD,14.0,False,Alpine,8016.629,2024-12-01 17:22:19.817,1,5.0,False,,False,True
8184.437,GAS,10,83.866,50.0,4.0,,,31.215,28.33,24.321,8131.832,8160.162,8184.483,241.0,286.0,280.0,,True,HARD,15.0,False,Alpine,8100.571,2024-12-01 17:23:43.759,1,5.0,False,,False,True
8268.341,GAS,10,83.904,51.0,4.0,,,31.271,28.337,24.296,8215.754,8244.091,8268.387,240.0,287.0,279.0,303.0,False,HARD,16.0,False,Alpine,8184.437,2024-12-01 17:25:07.625,1,5.0,False,,False,True
8352.398,GAS,10,84.057,52.0,4.0,,,31.266,28.44,24.351,8299.653,8328.093,8352.444,,287.0,280.0,,False,HARD,17.0,False,Alpine,8268.341,2024-12-01 17:26:31.529,1,5.0,False,,False,True
8436.382,GAS,10,83.984,53.0,4.0,,,31.152,28.304,24.528,8383.596,8411.9,8436.428,,287.0,279.0,301.0,False,HARD,18.0,False,Alpine,8352.398,2024-12-01 17:27:55.586,1,5.0,False,,False,True
8520.464,GAS,10,84.082,54.0,4.0,,,31.374,28.278,24.43,8467.802,8496.08,8520.51,238.0,286.0,279.0,305.0,False,HARD,19.0,False,Alpine,8436.382,2024-12-01 17:29:19.570,1,5.0,False,,False,True
8604.622,GAS,10,84.158,55.0,4.0,,,31.584,28.3,24.274,8552.094,8580.394,8604.668,240.0,287.0,279.0,304.0,False,HARD,20.0,False,Alpine,8520.464,2024-12-01 17:30:43.652,1,5.0,False,,False,True
8688.327,GAS,10,83.705,56.0,4.0,,,31.221,28.182,24.302,8635.889,8664.071,8688.373,,287.0,279.0,300.0,True,HARD,21.0,False,Alpine,8604.622,2024-12-01 17:32:07.810,1,5.0,False,,False,True
8772.264,GAS,10,83.937,57.0,4.0,,,31.305,28.295,24.337,8719.678,8747.973,8772.31,,287.0,281.0,301.0,False,HARD,22.0,False,Alpine,8688.327,2024-12-01 17:33:31.515,1,5.0,False,,False,True
3410.363,PER,11,120.204,1.0,1.0,,,,42.56,40.288,,3370.119,3410.567,223.0,158.0,158.0,258.0,False,MEDIUM,1.0,True,Red Bull Racing,3289.896,2024-12-01 16:03:33.084,124,7.0,False,,False,False
3554.071,PER,11,143.708,2.0,1.0,,,53.741,45.239,44.728,3464.147,3509.386,3554.114,82.0,245.0,214.0,178.0,True,MEDIUM,2.0,True,Red Bull Racing,3410.363,2024-12-01 16:05:33.551,4,7.0,False,,False,False
3692.338,PER,11,138.267,3.0,1.0,,,49.406,42.649,46.212,3603.52,3646.169,3692.381,167.0,259.0,212.0,261.0,True,MEDIUM,3.0,True,Red Bull Racing,3554.071,2024-12-01 16:07:57.259,4,7.0,False,,False,False
3835.911,PER,11,143.573,4.0,1.0,,,45.073,41.641,56.859,3737.454,3779.095,3835.954,161.0,253.0,274.0,259.0,False,MEDIUM,4.0,True,Red Bull Racing,3692.338,2024-12-01 16:10:15.526,41,7.0,False,,False,False
3925.461,PER,11,89.55,5.0,1.0,,,33.672,29.885,25.993,3869.626,3899.511,3925.504,234.0,283.0,277.0,302.0,True,MEDIUM,5.0,True,Red Bull Racing,3835.911,2024-12-01 16:12:39.099,12,7.0,False,,False,True
4013.288,PER,11,87.827,6.0,1.0,,,32.778,29.661,25.388,3958.282,3987.943,4013.331,231.0,279.0,278.0,306.0,True,MEDIUM,6.0,True,Red Bull Racing,3925.461,2024-12-01 16:14:08.649,1,7.0,False,,False,True
4100.568,PER,11,87.28,7.0,1.0,,,32.316,29.518,25.446,4045.647,4075.165,4100.611,233.0,281.0,277.0,327.0,True,MEDIUM,7.0,True,Red Bull Racing,4013.288,2024-12-01 16:15:36.476,1,7.0,False,,False,True
4187.971,PER,11,87.403,8.0,1.0,,,32.519,29.637,25.247,4133.13,4162.767,4188.014,231.0,280.0,277.0,308.0,False,MEDIUM,8.0,True,Red Bull Racing,4100.568,2024-12-01 16:17:03.756,1,7.0,False,,False,True
4275.095,PER,11,87.124,9.0,1.0,,,32.461,29.477,25.186,4220.475,4249.952,4275.138,232.0,281.0,278.0,309.0,True,MEDIUM,9.0,True,Red Bull Racing,4187.971,2024-12-01 16:18:31.159,1,7.0,False,,False,True
4361.979,PER,11,86.884,10.0,1.0,,,32.34,29.425,25.119,4307.478,4336.903,4362.022,235.0,281.0,278.0,308.0,True,MEDIUM,10.0,True,Red Bull Racing,4275.095,2024-12-01 16:19:58.283,1,7.0,False,,False,True
4448.767,PER,11,86.788,11.0,1.0,,,32.379,29.36,25.049,4394.401,4423.761,4448.81,234.0,280.0,277.0,307.0,True,MEDIUM,11.0,True,Red Bull Racing,4361.979,2024-12-01 16:21:25.167,1,7.0,False,,False,True
4535.496,PER,11,86.729,12.0,1.0,,,32.426,29.329,24.974,4481.236,4510.565,4535.539,233.0,281.0,277.0,,True,MEDIUM,12.0,True,Red Bull Racing,4448.767,2024-12-01 16:22:51.955,1,7.0,False,,False,True
4622.127,PER,11,86.631,13.0,1.0,,,32.274,29.379,24.978,4567.813,4597.192,4622.17,237.0,282.0,277.0,306.0,True,MEDIUM,13.0,True,Red Bull Racing,4535.496,2024-12-01 16:24:18.684,1,7.0,False,,False,True
4708.61,PER,11,86.483,14.0,1.0,,,32.263,29.275,24.945,4654.433,4683.708,4708.653,234.0,280.0,277.0,,True,MEDIUM,14.0,True,Red Bull Racing,4622.127,2024-12-01 16:25:45.315,1,7.0,False,,False,True
4795.019,PER,11,86.409,15.0,1.0,,,32.284,29.198,24.927,4740.937,4770.135,4795.062,239.0,282.0,277.0,304.0,True,MEDIUM,15.0,True,Red Bull Racing,4708.61,2024-12-01 16:27:11.798,1,7.0,False,,False,True
4881.378,PER,11,86.359,16.0,1.0,,,32.28,29.198,24.881,4827.342,4856.54,4881.421,234.0,281.0,277.0,305.0,True,MEDIUM,16.0,True,Red Bull Racing,4795.019,2024-12-01 16:28:38.207,1,7.0,False,,False,True
4967.307,PER,11,85.929,17.0,1.0,,,32.118,29.093,24.718,4913.539,4942.632,4967.35,235.0,283.0,277.0,,True,MEDIUM,17.0,True,Red Bull Racing,4881.378,2024-12-01 16:30:04.566,1,7.0,False,,False,True
5053.762,PER,11,86.455,18.0,1.0,,,32.267,29.236,24.952,4999.617,5028.853,5053.805,234.0,280.0,276.0,302.0,False,MEDIUM,18.0,True,Red Bull Racing,4967.307,2024-12-01 16:31:30.495,1,7.0,False,,False,True
5139.914,PER,11,86.152,19.0,1.0,,,32.072,29.239,24.841,5085.877,5115.116,5139.957,237.0,281.0,277.0,304.0,False,MEDIUM,19.0,True,Red Bull Racing,5053.762,2024-12-01 16:32:56.950,1,7.0,False,,False,True
5225.963,PER,11,86.049,20.0,1.0,,,32.125,29.157,24.767,5172.082,5201.239,5226.006,238.0,283.0,277.0,301.0,False,MEDIUM,20.0,True,Red Bull Racing,5139.914,2024-12-01 16:34:23.102,1,7.0,False,,False,True
5311.677,PER,11,85.714,21.0,1.0,,,31.925,29.076,24.713,5257.931,5287.007,5311.72,235.0,281.0,277.0,,True,MEDIUM,21.0,True,Red Bull Racing,5225.963,2024-12-01 16:35:49.151,1,7.0,False,,False,True
5397.65,PER,11,85.973,22.0,1.0,,,32.082,29.119,24.772,5343.802,5372.921,5397.693,233.0,282.0,277.0,,False,MEDIUM,22.0,True,Red Bull Racing,5311.677,2024-12-01 16:37:14.865,1,7.0,False,,False,True
5483.5,PER,11,85.85,23.0,1.0,,,32.046,29.072,24.732,5429.739,5458.811,5483.543,234.0,282.0,278.0,305.0,False,MEDIUM,23.0,True,Red Bull Racing,5397.65,2024-12-01 16:38:40.838,1,7.0,False,,False,True
5569.142,PER,11,85.642,24.0,1.0,,,31.963,28.998,24.681,5515.506,5544.504,5569.185,236.0,282.0,278.0,306.0,True,MEDIUM,24.0,True,Red Bull Racing,5483.5,2024-12-01 16:40:06.688,1,6.0,False,,False,True
5654.64,PER,11,85.498,25.0,1.0,,,31.827,29.031,24.64,5601.012,5630.043,5654.683,,284.0,277.0,304.0,True,MEDIUM,25.0,True,Red Bull Racing,5569.142,2024-12-01 16:41:32.330,1,6.0,False,,False,True
5740.098,PER,11,85.458,26.0,1.0,,,31.881,28.926,24.651,5686.564,5715.49,5740.141,235.0,281.0,277.0,305.0,True,MEDIUM,26.0,True,Red Bull Racing,5654.64,2024-12-01 16:42:57.828,1,6.0,False,,False,True
5825.674,PER,11,85.576,27.0,1.0,,,31.926,28.939,24.711,5772.067,5801.006,5825.717,238.0,281.0,278.0,304.0,False,MEDIUM,27.0,True,Red Bull Racing,5740.098,2024-12-01 16:44:23.286,1,6.0,False,,False,True
5911.229,PER,11,85.555,28.0,1.0,,,31.939,28.956,24.66,5857.656,5886.612,5911.272,233.0,280.0,278.0,303.0,False,MEDIUM,28.0,True,Red Bull Racing,5825.674,2024-12-01 16:45:48.862,1,6.0,False,,False,True
5996.736,PER,11,85.507,29.0,1.0,,,31.858,28.976,24.673,5943.13,5972.106,5996.779,239.0,281.0,278.0,304.0,False,MEDIUM,29.0,True,Red Bull Racing,5911.229,2024-12-01 16:47:14.417,12,6.0,False,,False,True
6082.145,PER,11,85.409,30.0,1.0,,,31.814,28.902,24.693,6028.593,6057.495,6082.188,242.0,281.0,278.0,305.0,True,MEDIUM,30.0,True,Red Bull Racing,5996.736,2024-12-01 16:48:39.924,1,6.0,False,,False,True
6167.433,PER,11,85.288,31.0,1.0,,,31.815,28.867,24.606,6114.003,6142.87,6167.476,234.0,281.0,278.0,304.0,True,MEDIUM,31.0,True,Red Bull Racing,6082.145,2024-12-01 16:50:05.333,1,6.0,False,,False,True
6252.823,PER,11,85.39,32.0,1.0,,,31.747,29.023,24.62,6199.223,6228.246,6252.866,243.0,282.0,278.0,303.0,False,MEDIUM,32.0,True,Red Bull Racing,6167.433,2024-12-01 16:51:30.621,1,6.0,False,,False,True
6338.205,PER,11,85.382,33.0,1.0,,,31.709,29.059,24.614,6284.575,6313.634,6338.248,237.0,283.0,278.0,305.0,False,MEDIUM,33.0,True,Red Bull Racing,6252.823,2024-12-01 16:52:56.011,1,6.0,False,,False,True
6424.705,PER,11,86.5,34.0,1.0,,,31.797,28.987,25.716,6370.045,6399.032,6424.748,235.0,282.0,278.0,304.0,False,MEDIUM,34.0,True,Red Bull Racing,6338.205,2024-12-01 16:54:21.393,1,5.0,False,,False,True
6531.341,PER,11,106.636,35.0,1.0,,6527.356,31.92,36.891,37.825,6456.668,6493.559,6531.384,237.0,212.0,,303.0,False,MEDIUM,35.0,True,Red Bull Racing,6424.705,2024-12-01 16:55:47.893,14,4.0,False,,False,False
6674.983,PER,11,143.642,36.0,2.0,6555.391,6670.874,62.67,47.711,33.261,6594.054,6641.765,6675.026,182.0,233.0,,163.0,False,HARD,1.0,True,Red Bull Racing,6531.341,2024-12-01 16:57:34.529,4,5.0,False,,False,False
6833.3,PER,11,,37.0,3.0,6693.68,6828.007,60.593,44.367,53.33,6735.683,6780.013,6833.542,139.0,263.0,,143.0,False,HARD,2.0,False,Red Bull Racing,6674.983,2024-12-01 16:59:58.171,4,5.0,False,,False,False
6980.363,PER,11,147.063,38.0,4.0,6857.454,,61.55,41.635,43.878,6894.893,6936.528,6980.406,123.0,221.0,233.0,114.0,False,HARD,3.0,False,Red Bull Racing,6833.3,2024-12-01 17:02:36.488,4,5.0,False,,False,False
7167.733,PER,11,,39.0,4.0,,,,,,,,,,,,,,HARD,4.0,False,Red Bull Racing,6980.363,,412,,False,,True,False
3413.331,ALO,14,123.172,1.0,1.0,,,,43.423,41.864,,3371.553,3413.602,224.0,196.0,90.0,249.0,False,MEDIUM,1.0,False,Aston Martin,3289.896,2024-12-01 16:03:33.084,124,8.0,False,,False,False
3555.814,ALO,14,142.483,2.0,1.0,,,52.172,45.263,45.048,3465.515,3510.778,3555.826,103.0,248.0,228.0,219.0,True,MEDIUM,2.0,False,Aston Martin,3413.331,2024-12-01 16:05:36.519,4,8.0,False,,False,False
3694.029,ALO,14,138.215,3.0,1.0,,,49.19,42.378,46.647,3605.016,3647.394,3694.041,140.0,234.0,238.0,250.0,True,MEDIUM,3.0,False,Aston Martin,3555.814,2024-12-01 16:07:59.002,4,8.0,False,,False,False
3836.37,ALO,14,142.341,4.0,1.0,,,44.85,41.302,56.189,3738.891,3780.193,3836.382,178.0,246.0,271.0,192.0,False,MEDIUM,4.0,False,Aston Martin,3694.029,2024-12-01 16:10:17.217,41,8.0,False,,False,False
3928.756,ALO,14,92.386,5.0,1.0,,,34.531,30.144,27.711,3870.913,3901.057,3928.768,235.0,284.0,275.0,301.0,False,MEDIUM,5.0,False,Aston Martin,3836.37,2024-12-01 16:12:39.558,12,11.0,True,TRACK LIMITS AT TURN 13 LAP 5 ,False,True
4017.8,ALO,14,89.044,6.0,1.0,,,33.264,29.934,25.846,3962.032,3991.966,4017.812,233.0,284.0,279.0,302.0,True,MEDIUM,6.0,False,Aston Martin,3928.756,2024-12-01 16:14:11.944,1,12.0,False,,False,True
4105.857,ALO,14,88.057,7.0,1.0,,,32.52,29.757,25.78,4050.332,4080.089,4105.869,,286.0,276.0,327.0,True,MEDIUM,7.0,False,Aston Martin,4017.8,2024-12-01 16:15:40.988,1,12.0,False,,False,True
4193.885,ALO,14,88.028,8.0,1.0,,,32.494,29.736,25.798,4138.363,4168.099,4193.897,234.0,285.0,277.0,329.0,True,MEDIUM,8.0,False,Aston Martin,4105.857,2024-12-01 16:17:09.045,1,12.0,False,,False,True
4281.529,ALO,14,87.644,9.0,1.0,,,32.349,29.734,25.561,4226.246,4255.98,4281.541,232.0,286.0,277.0,,True,MEDIUM,9.0,False,Aston Martin,4193.885,2024-12-01 16:18:37.073,1,12.0,False,,False,True
4369.685,ALO,14,88.156,10.0,1.0,,,32.492,29.85,25.814,4314.033,4343.883,4369.697,230.0,285.0,277.0,328.0,False,MEDIUM,10.0,False,Aston Martin,4281.529,2024-12-01 16:20:04.717,1,12.0,False,,False,True
4457.938,ALO,14,88.253,11.0,1.0,,,32.643,29.833,25.777,4402.34,4432.173,4457.95,231.0,285.0,278.0,,False,MEDIUM,11.0,False,Aston Martin,4369.685,2024-12-01 16:21:32.873,1,12.0,False,,False,True
4545.844,ALO,14,87.906,12.0,1.0,,,32.489,29.743,25.674,4490.439,4520.182,4545.856,234.0,285.0,278.0,329.0,False,MEDIUM,12.0,False,Aston Martin,4457.938,2024-12-01 16:23:01.126,1,12.0,False,,False,True
4633.565,ALO,14,87.721,13.0,1.0,,,32.408,29.686,25.627,4578.264,4607.95,4633.577,233.0,286.0,280.0,328.0,False,MEDIUM,13.0,False,Aston Martin,4545.844,2024-12-01 16:24:29.032,1,12.0,False,,False,True
4720.367,ALO,14,86.802,14.0,1.0,,,32.17,29.338,25.294,4665.747,4695.085,4720.379,,286.0,276.0,330.0,True,MEDIUM,14.0,False,Aston Martin,4633.565,2024-12-01 16:25:56.753,1,11.0,False,,False,True
4807.067,ALO,14,86.7,15.0,1.0,,,32.234,29.352,25.114,4752.613,4781.965,4807.079,234.0,285.0,276.0,305.0,True,MEDIUM,15.0,False,Aston Martin,4720.367,2024-12-01 16:27:23.555,1,11.0,False,,False,True
4893.934,ALO,14,86.867,16.0,1.0,,,32.178,29.487,25.202,4839.257,4868.744,4893.946,236.0,285.0,276.0,306.0,False,MEDIUM,16.0,False,Aston Martin,4807.067,2024-12-01 16:28:50.255,1,11.0,False,,False,True
4980.621,ALO,14,86.687,17.0,1.0,,,32.103,29.401,25.183,4926.049,4955.45,4980.633,,284.0,276.0,307.0,True,MEDIUM,17.0,False,Aston Martin,4893.934,2024-12-01 16:30:17.122,1,11.0,False,,False,True
5067.365,ALO,14,86.744,18.0,1.0,,,32.218,29.429,25.097,5012.851,5042.28,5067.377,234.0,285.0,276.0,305.0,False,MEDIUM,18.0,False,Aston Martin,4980.621,2024-12-01 16:31:43.809,1,11.0,False,,False,True
5153.994,ALO,14,86.629,19.0,1.0,,,32.251,29.308,25.07,5099.628,5128.936,5154.006,233.0,286.0,276.0,306.0,True,MEDIUM,19.0,False,Aston Martin,5067.365,2024-12-01 16:33:10.553,1,11.0,False,,False,True
5240.849,ALO,14,86.855,20.0,1.0,,,32.611,29.25,24.994,5186.617,5215.867,5240.861,235.0,285.0,277.0,305.0,False,MEDIUM,20.0,False,Aston Martin,5153.994,2024-12-01 16:34:37.182,1,11.0,False,,False,True
5327.219,ALO,14,86.37,21.0,1.0,,,32.063,29.23,25.077,5272.924,5302.154,5327.231,,286.0,277.0,306.0,True,MEDIUM,21.0,False,Aston Martin,5240.849,2024-12-01 16:36:04.037,1,11.0,False,,False,True
5413.7,ALO,14,86.481,22.0,1.0,,,32.196,29.254,25.031,5359.427,5388.681,5413.712,236.0,286.0,276.0,,False,MEDIUM,22.0,False,Aston Martin,5327.219,2024-12-01 16:37:30.407,1,11.0,False,,False,True
5499.968,ALO,14,86.268,23.0,1.0,,,32.213,29.155,24.9,5445.925,5475.08,5499.98,235.0,286.0,277.0,305.0,True,MEDIUM,23.0,False,Aston Martin,5413.7,2024-12-01 16:38:56.888,1,11.0,False,,False,True
5586.345,ALO,14,86.377,24.0,1.0,,,32.132,29.206,25.039,5532.112,5561.318,5586.357,234.0,286.0,277.0,306.0,False,MEDIUM,24.0,False,Aston Martin,5499.968,2024-12-01 16:40:23.156,1,10.0,False,,False,True
5672.59,ALO,14,86.245,25.0,1.0,,,32.13,29.167,24.948,5618.487,5647.654,5672.602,237.0,287.0,277.0,305.0,True,MEDIUM,25.0,False,Aston Martin,5586.345,2024-12-01 16:41:49.533,1,10.0,False,,False,True
5758.89,ALO,14,86.3,26.0,1.0,,,32.128,29.197,24.975,5704.73,5733.927,5758.902,235.0,286.0,276.0,,False,MEDIUM,26.0,False,Aston Martin,5672.59,2024-12-01 16:43:15.778,1,10.0,False,,False,True
5844.975,ALO,14,86.085,27.0,1.0,,,32.079,29.18,24.826,5790.981,5820.161,5844.987,234.0,287.0,277.0,,True,MEDIUM,27.0,False,Aston Martin,5758.89,2024-12-01 16:44:42.078,1,9.0,False,,False,True
5930.916,ALO,14,85.941,28.0,1.0,,,32.074,29.034,24.833,5877.061,5906.095,5930.928,235.0,286.0,278.0,,True,MEDIUM,28.0,False,Aston Martin,5844.975,2024-12-01 16:46:08.163,1,9.0,False,,False,True
6016.873,ALO,14,85.957,29.0,1.0,,,31.975,29.152,24.83,5962.903,5992.055,6016.885,233.0,286.0,277.0,304.0,False,MEDIUM,29.0,False,Aston Martin,5930.916,2024-12-01 16:47:34.104,12,9.0,False,,False,True
6102.766,ALO,14,85.893,30.0,1.0,,,32.096,28.985,24.812,6048.981,6077.966,6102.778,235.0,286.0,277.0,303.0,True,MEDIUM,30.0,False,Aston Martin,6016.873,2024-12-01 16:49:00.061,1,9.0,False,,False,True
6188.49,ALO,14,85.724,31.0,1.0,,,31.995,28.952,24.777,6134.773,6163.725,6188.502,238.0,286.0,277.0,304.0,True,MEDIUM,31.0,False,Aston Martin,6102.766,2024-12-01 16:50:25.954,1,9.0,False,,False,True
6274.139,ALO,14,85.649,32.0,1.0,,,31.82,29.015,24.814,6220.322,6249.337,6274.151,239.0,286.0,277.0,302.0,True,MEDIUM,32.0,False,Aston Martin,6188.49,2024-12-01 16:51:51.678,1,9.0,False,,False,True
6359.936,ALO,14,85.797,33.0,1.0,,,31.928,29.116,24.753,6306.079,6335.195,6359.948,237.0,287.0,277.0,303.0,False,MEDIUM,33.0,False,Aston Martin,6274.139,2024-12-01 16:53:17.327,1,9.0,False,,False,True
6447.454,ALO,14,87.518,34.0,1.0,,,32.51,29.798,25.21,6392.458,6422.256,6447.466,234.0,288.0,279.0,300.0,False,MEDIUM,34.0,False,Aston Martin,6359.936,2024-12-01 16:54:43.124,1,9.0,False,,False,True
6562.551,ALO,14,115.097,35.0,1.0,,6558.426,36.154,40.874,38.069,6483.62,6524.494,6562.563,184.0,179.0,,326.0,False,MEDIUM,35.0,False,Aston Martin,6447.454,2024-12-01 16:56:10.642,14,8.0,False,,False,False
6708.913,ALO,14,146.362,36.0,2.0,6587.18,6704.862,65.532,39.666,41.164,6628.095,6667.761,6708.925,215.0,134.0,,184.0,False,HARD,1.0,False,Aston Martin,6562.551,2024-12-01 16:58:05.739,4,9.0,False,,False,False
6844.455,ALO,14,135.542,37.0,3.0,6733.401,6839.448,59.33,33.258,42.954,6768.255,6801.513,6844.467,209.0,273.0,,182.0,False,MEDIUM,7.0,False,Aston Martin,6708.913,2024-12-01 17:00:32.101,4,10.0,False,,False,False
6988.925,ALO,14,144.47,38.0,4.0,6872.109,,61.55,39.836,43.084,6906.017,6945.853,6988.937,223.0,224.0,237.0,156.0,False,MEDIUM,8.0,False,Aston Martin,6844.455,2024-12-01 17:02:47.643,4,10.0,False,,False,False
7122.93,ALO,14,134.005,39.0,4.0,,,48.572,41.587,43.846,7037.509,7079.096,7122.942,88.0,127.0,286.0,250.0,False,MEDIUM,9.0,False,Aston Martin,6988.925,2024-12-01 17:05:12.113,41,9.0,False,,False,False
7234.199,ALO,14,111.269,40.0,4.0,,,33.278,35.263,42.728,7156.22,7191.483,7234.211,218.0,70.0,157.0,305.0,False,MEDIUM,10.0,False,Aston Martin,7122.93,2024-12-01 17:07:26.118,1264,8.0,True,TRACK LIMITS AT TURN 6 LAP 40 ,False,False
7366.778,ALO,14,132.579,41.0,4.0,,,38.484,46.744,47.351,7272.695,7319.439,7366.79,196.0,147.0,250.0,242.0,False,MEDIUM,11.0,False,Aston Martin,7234.199,2024-12-01 17:09:17.387,4,8.0,False,,False,False
7507.61,ALO,14,140.832,42.0,4.0,,,46.528,45.192,49.112,7413.318,7458.51,7507.622,194.0,231.0,277.0,259.0,False,MEDIUM,12.0,False,Aston Martin,7366.778,2024-12-01 17:11:29.966,41,8.0,False,,False,False
7595.381,ALO,14,87.771,43.0,4.0,,,33.227,29.424,25.12,7540.849,7570.273,7595.393,238.0,288.0,282.0,304.0,False,MEDIUM,13.0,False,Aston Martin,7507.61,2024-12-01 17:13:50.798,1,8.0,False,,False,True
7680.858,ALO,14,85.477,44.0,4.0,,,31.96,28.773,24.744,7627.353,7656.126,7680.87,239.0,289.0,282.0,303.0,True,MEDIUM,14.0,False,Aston Martin,7595.381,2024-12-01 17:15:18.569,1,8.0,False,,False,True
7765.858,ALO,14,85.0,45.0,4.0,,,31.463,28.865,24.672,7712.333,7741.198,7765.87,,290.0,280.0,327.0,True,MEDIUM,15.0,False,Aston Martin,7680.858,2024-12-01 17:16:44.046,1,8.0,False,,False,True
7850.298,ALO,14,84.44,46.0,4.0,,,31.225,28.649,24.566,7797.095,7825.744,7850.31,240.0,288.0,281.0,328.0,True,MEDIUM,16.0,False,Aston Martin,7765.858,2024-12-01 17:18:09.046,1,7.0,False,,False,True
7934.681,ALO,14,84.383,47.0,4.0,,,31.441,28.458,24.484,7881.751,7910.209,7934.693,,289.0,281.0,310.0,True,MEDIUM,17.0,False,Aston Martin,7850.298,2024-12-01 17:19:33.486,1,7.0,False,,False,True
8019.153,ALO,14,84.472,48.0,4.0,,,31.319,28.604,24.549,7966.012,7994.616,8019.165,241.0,289.0,280.0,,False,MEDIUM,18.0,False,Aston Martin,7934.681,2024-12-01 17:20:57.869,1,7.0,False,,False,True
8103.548,ALO,14,84.395,49.0,4.0,,,31.396,28.467,24.532,8050.561,8079.028,8103.56,242.0,289.0,280.0,308.0,False,MEDIUM,19.0,False,Aston Martin,8019.153,2024-12-01 17:22:22.341,1,7.0,False,,False,True
8187.605,ALO,14,84.057,50.0,4.0,,,31.296,28.362,24.399,8134.856,8163.218,8187.617,,288.0,280.0,,True,MEDIUM,20.0,False,Aston Martin,8103.548,2024-12-01 17:23:46.736,1,7.0,False,,False,True
8271.659,ALO,14,84.054,51.0,4.0,,,31.284,28.467,24.303,8218.901,8247.368,8271.671,,288.0,281.0,307.0,True,MEDIUM,21.0,False,Aston Martin,8187.605,2024-12-01 17:25:10.793,1,7.0,False,,False,True
8355.855,ALO,14,84.196,52.0,4.0,,,31.379,28.462,24.355,8303.05,8331.512,8355.867,,289.0,280.0,309.0,False,MEDIUM,22.0,False,Aston Martin,8271.659,2024-12-01 17:26:34.847,1,7.0,False,,False,True
8439.848,ALO,14,83.993,53.0,4.0,,,31.189,28.411,24.393,8387.056,8415.467,8439.86,243.0,289.0,281.0,306.0,True,MEDIUM,23.0,False,Aston Martin,8355.855,2024-12-01 17:27:59.043,1,7.0,False,,False,True
8523.719,ALO,14,83.871,54.0,4.0,,,31.183,28.371,24.317,8471.043,8499.414,8523.731,,288.0,280.0,309.0,True,MEDIUM,24.0,False,Aston Martin,8439.848,2024-12-01 17:29:23.036,1,7.0,False,,False,True
8607.797,ALO,14,84.078,55.0,4.0,,,31.336,28.454,24.288,8555.067,8583.521,8607.809,245.0,288.0,281.0,307.0,False,MEDIUM,25.0,False,Aston Martin,8523.719,2024-12-01 17:30:46.907,1,7.0,False,,False,True
8691.682,ALO,14,83.885,56.0,4.0,,,31.186,28.377,24.322,8638.995,8667.372,8691.694,243.0,289.0,281.0,308.0,False,MEDIUM,26.0,False,Aston Martin,8607.797,2024-12-01 17:32:10.985,1,7.0,False,,False,True
8775.349,ALO,14,83.667,57.0,4.0,,,31.08,28.468,24.119,8722.774,8751.242,8775.361,247.0,289.0,283.0,,True,MEDIUM,27.0,False,Aston Martin,8691.682,2024-12-01 17:33:34.870,1,7.0,False,,False,True
3407.598,LEC,16,117.439,1.0,1.0,,,,38.757,42.509,,3365.304,3407.694,226.0,110.0,175.0,248.0,False,MEDIUM,2.0,False,Ferrari,3289.896,2024-12-01 16:03:33.084,124,4.0,False,,False,False
3549.673,LEC,16,142.075,2.0,1.0,,,54.07,43.798,44.207,3461.726,3505.524,3549.731,96.0,236.0,216.0,156.0,True,MEDIUM,3.0,False,Ferrari,3407.598,2024-12-01 16:05:30.786,4,4.0,False,,False,False
3687.161,LEC,16,137.488,3.0,1.0,,,50.121,41.569,45.798,3599.852,3641.421,3687.219,189.0,235.0,209.0,251.0,True,MEDIUM,4.0,False,Ferrari,3549.673,2024-12-01 16:07:52.861,4,4.0,False,,False,False
3834.719,LEC,16,147.558,4.0,1.0,,,45.627,42.117,59.814,3732.846,3774.963,3834.777,194.0,212.0,274.0,,False,MEDIUM,5.0,False,Ferrari,3687.161,2024-12-01 16:10:10.349,41,4.0,False,,False,False
3923.921,LEC,16,89.202,5.0,1.0,,,33.653,29.814,25.735,3868.43,3898.244,3923.979,230.0,283.0,274.0,290.0,True,MEDIUM,6.0,False,Ferrari,3834.719,2024-12-01 16:12:37.907,12,5.0,False,,False,True
4011.477,LEC,16,87.556,6.0,1.0,,,32.56,29.402,25.594,3956.539,3985.941,4011.535,235.0,283.0,275.0,299.0,True,MEDIUM,7.0,False,Ferrari,3923.921,2024-12-01 16:14:07.109,1,5.0,False,,False,True
4098.364,LEC,16,86.887,7.0,1.0,,,32.159,29.388,25.34,4043.694,4073.082,4098.422,238.0,283.0,275.0,302.0,True,MEDIUM,8.0,False,Ferrari,4011.477,2024-12-01 16:15:34.665,1,5.0,False,,False,True
4185.554,LEC,16,87.19,8.0,1.0,,,32.33,29.473,25.387,4130.752,4160.225,4185.612,235.0,283.0,275.0,303.0,False,MEDIUM,9.0,False,Ferrari,4098.364,2024-12-01 16:17:01.552,1,5.0,False,,False,True
4272.468,LEC,16,86.914,9.0,1.0,,,32.197,29.377,25.34,4217.809,4247.186,4272.526,238.0,283.0,275.0,302.0,False,MEDIUM,10.0,False,Ferrari,4185.554,2024-12-01 16:18:28.742,1,5.0,False,,False,True
4358.903,LEC,16,86.435,10.0,1.0,,,32.068,29.169,25.198,4304.594,4333.763,4358.961,239.0,283.0,275.0,303.0,True,MEDIUM,11.0,False,Ferrari,4272.468,2024-12-01 16:19:55.656,1,5.0,False,,False,True
4445.284,LEC,16,86.381,11.0,1.0,,,31.915,29.269,25.197,4390.876,4420.145,4445.342,,283.0,275.0,,True,MEDIUM,12.0,False,Ferrari,4358.903,2024-12-01 16:21:22.091,1,5.0,False,,False,True
4531.311,LEC,16,86.027,12.0,1.0,,,31.875,29.219,24.933,4477.217,4506.436,4531.369,240.0,283.0,275.0,,True,MEDIUM,13.0,False,Ferrari,4445.284,2024-12-01 16:22:48.472,1,5.0,False,,False,True
4617.583,LEC,16,86.272,13.0,1.0,,,32.054,29.187,25.031,4563.423,4592.61,4617.641,238.0,283.0,275.0,300.0,False,MEDIUM,14.0,False,Ferrari,4531.311,2024-12-01 16:24:14.499,1,5.0,False,,False,True
4703.243,LEC,16,85.66,14.0,1.0,,,31.876,29.037,24.747,4649.517,4678.554,4703.301,244.0,284.0,276.0,303.0,True,MEDIUM,15.0,False,Ferrari,4617.583,2024-12-01 16:25:40.771,1,5.0,False,,False,True
4789.048,LEC,16,85.805,15.0,1.0,,,31.883,29.046,24.876,4735.184,4764.23,4789.106,242.0,284.0,275.0,304.0,False,MEDIUM,16.0,False,Ferrari,4703.243,2024-12-01 16:27:06.431,1,5.0,False,,False,True
4874.978,LEC,16,85.93,16.0,1.0,,,31.922,29.198,24.81,4821.028,4850.226,4875.036,,283.0,276.0,,False,MEDIUM,17.0,False,Ferrari,4789.048,2024-12-01 16:28:32.236,1,5.0,False,,False,True
4960.813,LEC,16,85.835,17.0,1.0,,,31.863,29.125,24.847,4906.899,4936.024,4960.871,241.0,285.0,276.0,306.0,False,MEDIUM,18.0,False,Ferrari,4874.978,2024-12-01 16:29:58.166,1,5.0,False,,False,True
5046.309,LEC,16,85.496,18.0,1.0,,,31.752,29.048,24.696,4992.623,5021.671,5046.367,242.0,285.0,276.0,304.0,True,MEDIUM,19.0,False,Ferrari,4960.813,2024-12-01 16:31:24.001,1,5.0,False,,False,True
5131.956,LEC,16,85.647,19.0,1.0,,,31.887,29.087,24.673,5078.254,5107.341,5132.014,,284.0,276.0,305.0,False,MEDIUM,20.0,False,Ferrari,5046.309,2024-12-01 16:32:49.497,1,5.0,False,,False,True
5217.423,LEC,16,85.467,20.0,1.0,,,31.821,28.965,24.681,5163.835,5192.8,5217.481,244.0,285.0,277.0,304.0,True,MEDIUM,21.0,False,Ferrari,5131.956,2024-12-01 16:34:15.144,1,5.0,False,,False,True
5302.746,LEC,16,85.323,21.0,1.0,,,31.748,28.898,24.677,5249.229,5278.127,5302.804,243.0,285.0,276.0,,True,MEDIUM,22.0,False,Ferrari,5217.423,2024-12-01 16:35:40.611,1,5.0,False,,False,True
5387.782,LEC,16,85.036,22.0,1.0,,,31.662,28.897,24.477,5334.466,5363.363,5387.84,,285.0,276.0,306.0,True,MEDIUM,23.0,False,Ferrari,5302.746,2024-12-01 16:37:05.934,1,5.0,False,,False,True
5472.971,LEC,16,85.189,23.0,1.0,,,31.662,29.006,24.521,,5448.508,5473.029,,287.0,277.0,,False,MEDIUM,24.0,False,Ferrari,5387.782,2024-12-01 16:38:30.970,1,4.0,False,,False,True
5558.104,LEC,16,85.133,24.0,1.0,,,31.655,28.877,24.601,5504.684,5533.561,5558.162,242.0,286.0,277.0,304.0,False,MEDIUM,25.0,False,Ferrari,5472.971,2024-12-01 16:39:56.159,1,4.0,False,,False,True
5642.905,LEC,16,84.801,25.0,1.0,,,31.564,28.87,24.367,5589.726,5618.596,5642.963,246.0,286.0,277.0,305.0,True,MEDIUM,26.0,False,Ferrari,5558.104,2024-12-01 16:41:21.292,1,4.0,False,,False,True
5728.004,LEC,16,85.099,26.0,1.0,,,31.672,28.929,24.498,5674.635,5703.564,5728.062,242.0,286.0,277.0,302.0,False,MEDIUM,27.0,False,Ferrari,5642.905,2024-12-01 16:42:46.093,1,4.0,False,,False,True
5812.753,LEC,16,84.749,27.0,1.0,,,31.465,28.901,24.383,5759.527,5788.428,5812.811,247.0,286.0,277.0,306.0,True,MEDIUM,28.0,False,Ferrari,5728.004,2024-12-01 16:44:11.192,1,4.0,False,,False,True
5897.662,LEC,16,84.909,28.0,1.0,,,31.573,28.791,24.545,5844.384,5873.175,5897.72,243.0,286.0,277.0,303.0,False,MEDIUM,29.0,False,Ferrari,5812.753,2024-12-01 16:45:35.941,1,4.0,False,,False,True
5982.315,LEC,16,84.653,29.0,1.0,,,31.477,28.748,24.428,5929.197,5957.945,5982.373,244.0,286.0,277.0,305.0,True,MEDIUM,30.0,False,Ferrari,5897.662,2024-12-01 16:47:00.850,12,4.0,False,,False,True
6067.483,LEC,16,85.168,30.0,1.0,,,31.981,28.766,24.421,6014.354,6043.12,6067.541,243.0,287.0,277.0,294.0,False,MEDIUM,31.0,False,Ferrari,5982.315,2024-12-01 16:48:25.503,12,4.0,False,,False,True
6152.193,LEC,16,84.71,31.0,1.0,,,31.474,28.892,24.344,6099.015,6127.907,6152.251,247.0,286.0,277.0,306.0,False,MEDIUM,32.0,False,Ferrari,6067.483,2024-12-01 16:49:50.671,1,4.0,False,,False,True
6236.872,LEC,16,84.679,32.0,1.0,,,31.562,28.768,24.349,6183.813,6212.581,6236.93,245.0,286.0,278.0,,False,MEDIUM,33.0,False,Ferrari,6152.193,2024-12-01 16:51:15.381,1,4.0,False,,False,True
6321.772,LEC,16,84.9,33.0,1.0,,,31.545,28.902,24.453,6268.475,6297.377,6321.83,,286.0,280.0,308.0,False,MEDIUM,34.0,False,Ferrari,6236.872,2024-12-01 16:52:40.060,1,4.0,False,,False,True
6406.526,LEC,16,84.754,34.0,1.0,,,31.54,28.825,24.389,6353.37,6382.195,6406.584,237.0,287.0,277.0,,False,MEDIUM,35.0,False,Ferrari,6321.772,2024-12-01 16:54:04.960,1,3.0,False,,False,True
6505.041,LEC,16,98.515,35.0,1.0,,6500.964,31.539,28.73,38.246,6438.123,6466.853,6505.099,242.0,285.0,,302.0,False,MEDIUM,36.0,False,Ferrari,6406.526,2024-12-01 16:55:29.714,14,3.0,False,,False,False
6662.787,LEC,16,,36.0,2.0,6529.395,6657.554,64.967,40.64,52.116,6570.159,6610.729,6662.968,204.0,245.0,,175.0,False,HARD,1.0,True,Ferrari,6505.041,2024-12-01 16:57:08.229,4,3.0,False,,False,False
6829.728,LEC,16,,37.0,3.0,6683.216,6824.238,70.334,43.905,52.726,6733.155,6777.079,6830.023,167.0,196.0,,119.0,False,HARD,2.0,False,Ferrari,6662.787,2024-12-01 16:59:45.975,4,3.0,False,,False,False
6978.078,LEC,16,148.35,38.0,4.0,6853.524,,61.958,43.783,42.609,6891.744,6935.527,6978.136,184.0,234.0,226.0,144.0,False,HARD,3.0,False,Ferrari,6829.728,2024-12-01 17:02:32.916,4,3.0,False,,False,False
7120.896,LEC,16,142.818,39.0,4.0,,,50.281,43.403,49.134,7028.417,7071.82,7120.954,192.0,238.0,273.0,116.0,False,HARD,4.0,False,Ferrari,6978.078,2024-12-01 17:05:01.266,41,3.0,False,,False,False
7222.867,LEC,16,101.971,40.0,4.0,,,33.413,29.072,39.486,7154.367,7183.439,7222.925,245.0,286.0,266.0,302.0,False,HARD,5.0,False,Ferrari,7120.896,2024-12-01 17:07:24.084,1264,3.0,False,,False,False
7358.481,LEC,16,135.614,41.0,4.0,,,44.813,44.529,46.272,7267.738,7312.267,7358.539,191.0,189.0,226.0,285.0,False,HARD,6.0,False,Ferrari,7222.867,2024-12-01 17:09:06.055,4,3.0,False,,False,False
7505.606,LEC,16,147.125,42.0,4.0,,,48.028,44.534,54.563,7406.567,7451.101,7505.664,190.0,240.0,282.0,252.0,False,HARD,7.0,False,Ferrari,7358.481,2024-12-01 17:11:21.669,41,3.0,False,,False,False
7591.46,LEC,16,85.854,43.0,4.0,,,32.572,28.788,24.494,7538.236,7567.024,7591.518,238.0,287.0,278.0,312.0,False,HARD,8.0,False,Ferrari,7505.606,2024-12-01 17:13:48.794,1,3.0,False,,False,True
7675.472,LEC,16,84.012,44.0,4.0,,,31.374,28.396,24.242,7622.892,7651.288,7675.53,245.0,287.0,278.0,302.0,True,HARD,9.0,False,Ferrari,7591.46,2024-12-01 17:15:14.648,1,3.0,False,,False,True
7759.409,LEC,16,83.937,45.0,4.0,,,31.343,28.436,24.158,7706.873,7735.309,7759.467,242.0,288.0,278.0,301.0,True,HARD,10.0,False,Ferrari,7675.472,2024-12-01 17:16:38.660,1,2.0,False,,False,True
7843.074,LEC,16,83.665,46.0,4.0,,,31.268,28.332,24.065,7790.735,7819.067,7843.132,244.0,286.0,279.0,299.0,True,HARD,11.0,False,Ferrari,7759.409,2024-12-01 17:18:02.597,1,2.0,False,,False,True
7926.796,LEC,16,83.722,47.0,4.0,,,31.359,28.253,24.11,7874.491,7902.744,7926.854,241.0,287.0,278.0,298.0,False,HARD,12.0,False,Ferrari,7843.074,2024-12-01 17:19:26.262,1,2.0,False,,False,True
8010.476,LEC,16,83.68,48.0,4.0,,,31.299,28.371,24.01,7958.153,7986.524,8010.534,244.0,286.0,279.0,302.0,False,HARD,13.0,False,Ferrari,7926.796,2024-12-01 17:20:49.984,1,2.0,False,,False,True
8093.946,LEC,16,83.47,49.0,4.0,,,31.173,28.347,23.95,8041.707,8070.054,8094.004,,287.0,279.0,301.0,True,HARD,14.0,False,Ferrari,8010.476,2024-12-01 17:22:13.664,1,2.0,False,,False,True
8177.351,LEC,16,83.405,50.0,4.0,,,31.154,28.229,24.022,8125.158,8153.387,8177.409,245.0,287.0,278.0,300.0,True,HARD,15.0,False,Ferrari,8093.946,2024-12-01 17:23:37.134,1,2.0,False,,False,True
8260.683,LEC,16,83.332,51.0,4.0,,,31.128,28.275,23.929,8208.537,8236.812,8260.741,244.0,287.0,279.0,298.0,True,HARD,16.0,False,Ferrari,8177.351,2024-12-01 17:25:00.539,1,2.0,False,,False,True
8344.403,LEC,16,83.72,52.0,4.0,,,31.076,28.757,23.887,8291.817,8320.574,8344.461,,284.0,279.0,301.0,False,HARD,17.0,False,Ferrari,8260.683,2024-12-01 17:26:23.871,1,2.0,False,,False,True
8427.645,LEC,16,83.242,53.0,4.0,,,31.086,28.252,23.904,8375.547,8403.799,8427.703,,287.0,279.0,300.0,True,HARD,18.0,False,Ferrari,8344.403,2024-12-01 17:27:47.591,1,2.0,False,,False,True
8511.099,LEC,16,83.454,54.0,4.0,,,31.144,28.352,23.958,8458.847,8487.199,8511.157,,287.0,279.0,297.0,False,HARD,19.0,False,Ferrari,8427.645,2024-12-01 17:29:10.833,1,2.0,False,,False,True
8594.597,LEC,16,83.498,55.0,4.0,,,31.171,28.328,23.999,8542.328,8570.656,8594.655,246.0,287.0,279.0,296.0,False,HARD,20.0,False,Ferrari,8511.099,2024-12-01 17:30:34.287,1,2.0,False,,False,True
8677.953,LEC,16,83.356,56.0,4.0,,,31.124,28.343,23.889,8625.779,8654.122,8678.011,244.0,287.0,279.0,,False,HARD,21.0,False,Ferrari,8594.597,2024-12-01 17:31:57.785,1,2.0,False,,False,True
8761.512,LEC,16,83.559,57.0,4.0,,,31.086,28.407,24.066,8709.097,8737.504,8761.57,,287.0,279.0,301.0,False,HARD,22.0,False,Ferrari,8677.953,2024-12-01 17:33:21.141,1,2.0,False,,False,True
3426.952,STR,18,136.793,1.0,1.0,,3422.89,,51.899,41.483,,3385.672,3427.031,183.0,112.0,,265.0,False,MEDIUM,1.0,False,Aston Martin,3289.896,2024-12-01 16:03:33.084,124,17.0,False,,False,False
3574.051,STR,18,147.099,2.0,2.0,3452.766,,64.417,34.856,47.826,3491.369,3526.225,3574.051,215.0,231.0,200.0,170.0,False,HARD,1.0,False,Aston Martin,3426.952,2024-12-01 16:05:50.140,4,17.0,False,,False,False
3710.971,STR,18,136.92,3.0,2.0,,,44.903,42.636,49.381,3618.954,3661.59,3710.971,166.0,238.0,135.0,284.0,True,HARD,2.0,False,Aston Martin,3574.051,2024-12-01 16:08:17.239,4,17.0,False,,False,False
3840.071,STR,18,129.1,4.0,2.0,,,40.803,39.847,48.45,3751.774,3791.621,3840.071,170.0,146.0,272.0,271.0,True,HARD,3.0,False,Aston Martin,3710.971,2024-12-01 16:10:34.159,41,17.0,False,,False,False
3933.594,STR,18,93.523,5.0,2.0,,,36.05,30.574,26.899,3876.121,3906.695,3933.594,228.0,281.0,273.0,270.0,True,HARD,4.0,False,Aston Martin,3840.071,2024-12-01 16:12:43.259,12,17.0,False,,False,True
4024.529,STR,18,90.935,6.0,2.0,,,34.1,30.223,26.612,3967.694,3997.917,4024.529,229.0,282.0,274.0,300.0,True,HARD,5.0,False,Aston Martin,3933.594,2024-12-01 16:14:16.782,1,17.0,False,,False,True
4120.859,STR,18,96.33,7.0,2.0,,4116.798,34.402,30.3,31.628,4058.931,4089.231,4120.859,228.0,283.0,,294.0,False,HARD,6.0,False,Aston Martin,4024.529,2024-12-01 16:15:47.717,1,18.0,False,,False,False
4261.721,STR,18,140.862,8.0,3.0,4158.818,4257.663,71.374,32.672,36.816,4192.233,4224.905,4261.721,209.0,263.0,,158.0,False,HARD,1.0,True,Aston Martin,4120.859,2024-12-01 16:17:24.047,1,18.0,False,,False,False
3420.079,MAG,20,129.92,1.0,1.0,,,,49.468,41.81,,3378.42,3420.276,182.0,159.0,129.0,255.0,False,MEDIUM,1.0,True,Haas F1 Team,3289.896,2024-12-01 16:03:33.084,124,11.0,False,,False,False
3563.422,MAG,20,143.343,2.0,1.0,,,52.175,45.605,45.563,3472.295,3517.9,3563.463,198.0,221.0,200.0,258.0,True,MEDIUM,2.0,True,Haas F1 Team,3420.079,2024-12-01 16:05:43.267,4,11.0,False,,False,False
3702.119,MAG,20,138.697,3.0,1.0,,,47.731,42.078,48.888,3611.194,3653.272,3702.16,93.0,235.0,213.0,263.0,True,MEDIUM,3.0,True,Haas F1 Team,3563.422,2024-12-01 16:08:06.610,4,11.0,False,,False,False
3837.042,MAG,20,134.923,4.0,1.0,,,42.035,40.226,52.662,3744.195,3784.421,3837.083,123.0,229.0,280.0,,True,MEDIUM,4.0,True,Haas F1 Team,3702.119,2024-12-01 16:10:25.307,41,11.0,False,,False,False
3927.932,MAG,20,90.89,5.0,1.0,,,34.322,30.27,26.298,3871.405,3901.675,3927.973,220.0,287.0,274.0,317.0,True,MEDIUM,5.0,True,Haas F1 Team,3837.042,2024-12-01 16:12:40.230,12,10.0,False,,False,True
4016.465,MAG,20,88.533,6.0,1.0,,,33.022,29.65,25.861,3960.995,3990.645,4016.506,226.0,284.0,276.0,304.0,True,MEDIUM,6.0,True,Haas F1 Team,3927.932,2024-12-01 16:14:11.120,1,10.0,False,,False,True
4104.54,MAG,20,88.075,7.0,1.0,,,32.646,29.479,25.95,4049.152,4078.631,4104.581,228.0,285.0,277.0,302.0,True,MEDIUM,7.0,True,Haas F1 Team,4016.465,2024-12-01 16:15:39.653,1,10.0,False,,False,True
4192.247,MAG,20,87.707,8.0,1.0,,,32.541,29.516,25.65,4137.122,4166.638,4192.288,229.0,286.0,279.0,324.0,True,MEDIUM,8.0,True,Haas F1 Team,4104.54,2024-12-01 16:17:07.728,1,10.0,False,,False,True
4279.642,MAG,20,87.395,9.0,1.0,,,32.338,29.526,25.531,4224.626,4254.152,4279.683,230.0,287.0,281.0,325.0,True,MEDIUM,9.0,True,Haas F1 Team,4192.247,2024-12-01 16:18:35.435,1,10.0,False,,False,True
4367.243,MAG,20,87.601,10.0,1.0,,,32.745,29.19,25.666,4312.428,4341.618,4367.284,229.0,284.0,275.0,327.0,False,MEDIUM,10.0,True,Haas F1 Team,4279.642,2024-12-01 16:20:02.830,1,9.0,True,TRACK LIMITS AT TURN 1 LAP 10 ,False,True
4455.742,MAG,20,88.499,11.0,1.0,,,32.941,29.409,26.149,4400.225,4429.634,4455.783,226.0,283.0,275.0,298.0,False,MEDIUM,11.0,True,Haas F1 Team,4367.243,2024-12-01 16:21:30.431,1,9.0,False,,False,True
4543.255,MAG,20,87.513,12.0,1.0,,,32.488,29.238,25.787,4488.271,4517.509,4543.296,231.0,284.0,275.0,304.0,False,MEDIUM,12.0,True,Haas F1 Team,4455.742,2024-12-01 16:22:58.930,1,9.0,False,,False,True
4630.576,MAG,20,87.321,13.0,1.0,,,32.394,29.371,25.556,4575.69,4605.061,4630.617,230.0,283.0,275.0,301.0,True,MEDIUM,13.0,True,Haas F1 Team,4543.255,2024-12-01 16:24:26.443,1,9.0,False,,False,True
4717.565,MAG,20,86.989,14.0,1.0,,,32.371,29.257,25.361,4662.988,4692.245,4717.606,231.0,283.0,275.0,304.0,True,MEDIUM,14.0,True,Haas F1 Team,4630.576,2024-12-01 16:25:53.764,1,9.0,False,,False,True
4804.476,MAG,20,86.911,15.0,1.0,,,32.317,29.294,25.3,4749.923,4779.217,4804.517,227.0,283.0,275.0,303.0,True,MEDIUM,15.0,True,Haas F1 Team,4717.565,2024-12-01 16:27:20.753,1,9.0,False,,False,True
4891.273,MAG,20,86.797,16.0,1.0,,,32.344,29.145,25.308,4836.861,4866.006,4891.314,230.0,283.0,275.0,302.0,True,MEDIUM,16.0,True,Haas F1 Team,4804.476,2024-12-01 16:28:47.664,1,9.0,False,,False,True
4977.923,MAG,20,86.65,17.0,1.0,,,32.144,29.116,25.39,4923.458,4952.574,4977.964,232.0,284.0,275.0,303.0,True,MEDIUM,17.0,True,Haas F1 Team,4891.273,2024-12-01 16:30:14.461,1,9.0,False,,False,True
5064.686,MAG,20,86.763,18.0,1.0,,,32.339,29.252,25.172,5010.303,5039.555,5064.727,233.0,284.0,275.0,,False,MEDIUM,18.0,True,Haas F1 Team,4977.923,2024-12-01 16:31:41.111,1,9.0,False,,False,True
5151.293,MAG,20,86.607,19.0,1.0,,,32.133,29.33,25.144,5096.86,5126.19,5151.334,,282.0,275.0,,True,MEDIUM,19.0,True,Haas F1 Team,5064.686,2024-12-01 16:33:07.874,1,9.0,False,,False,True
5237.873,MAG,20,86.58,20.0,1.0,,,32.321,29.173,25.086,5183.655,5212.828,5237.914,232.0,284.0,276.0,302.0,True,MEDIUM,20.0,True,Haas F1 Team,5151.293,2024-12-01 16:34:34.481,1,9.0,False,,False,True
5324.333,MAG,20,86.46,21.0,1.0,,,32.224,29.107,25.129,5270.138,5299.245,5324.374,,284.0,276.0,303.0,True,MEDIUM,21.0,True,Haas F1 Team,5237.873,2024-12-01 16:36:01.061,1,9.0,False,,False,True
5410.71,MAG,20,86.377,22.0,1.0,,,32.149,29.125,25.103,5356.523,5385.648,5410.751,,284.0,276.0,302.0,True,MEDIUM,22.0,True,Haas F1 Team,5324.333,2024-12-01 16:37:27.521,1,9.0,False,,False,True
5496.947,MAG,20,86.237,23.0,1.0,,,32.019,28.95,25.268,5442.77,5471.72,5496.988,,284.0,276.0,303.0,True,MEDIUM,23.0,True,Haas F1 Team,5410.71,2024-12-01 16:38:53.898,1,9.0,False,,False,True
5583.251,MAG,20,86.304,24.0,1.0,,,32.067,29.176,25.061,5529.055,5558.231,5583.292,233.0,284.0,276.0,302.0,False,MEDIUM,24.0,True,Haas F1 Team,5496.947,2024-12-01 16:40:20.135,1,8.0,False,,False,True
5669.357,MAG,20,86.106,25.0,1.0,,,32.077,29.031,24.998,5615.369,5644.4,5669.398,235.0,284.0,276.0,303.0,True,MEDIUM,25.0,True,Haas F1 Team,5583.251,2024-12-01 16:41:46.439,1,8.0,False,,False,True
5755.505,MAG,20,86.148,26.0,1.0,,,32.089,29.044,25.015,5701.487,5730.531,5755.546,233.0,285.0,276.0,302.0,False,MEDIUM,26.0,True,Haas F1 Team,5669.357,2024-12-01 16:43:12.545,1,8.0,False,,False,True
5845.555,MAG,20,90.05,27.0,1.0,,5841.487,32.083,28.962,29.005,5787.629,5816.591,5845.596,234.0,284.0,,,False,MEDIUM,27.0,True,Haas F1 Team,5755.505,2024-12-01 16:44:38.693,1,10.0,False,,False,False
5954.408,MAG,20,108.853,28.0,2.0,5870.083,,54.765,28.955,25.133,5900.361,5929.316,5954.449,232.0,284.0,276.0,184.0,False,HARD,1.0,True,Haas F1 Team,5845.555,2024-12-01 16:46:08.743,1,16.0,False,,False,False
6040.09,MAG,20,85.682,29.0,2.0,,,31.988,28.769,24.925,5986.437,6015.206,6040.131,236.0,284.0,277.0,304.0,True,HARD,2.0,True,Haas F1 Team,5954.408,2024-12-01 16:47:57.596,12,16.0,False,,False,True
6125.692,MAG,20,85.602,30.0,2.0,,,31.958,28.727,24.917,6072.089,6100.816,6125.733,234.0,285.0,277.0,305.0,True,HARD,3.0,True,Haas F1 Team,6040.09,2024-12-01 16:49:23.278,1,16.0,False,,False,True
6210.999,MAG,20,85.307,31.0,2.0,,,31.727,28.722,24.858,6157.46,6186.182,6211.04,237.0,285.0,277.0,306.0,True,HARD,4.0,True,Haas F1 Team,6125.692,2024-12-01 16:50:48.880,1,16.0,False,,False,True
6296.876,MAG,20,85.877,32.0,2.0,,,31.832,28.899,25.146,6242.872,6271.771,6296.917,235.0,286.0,275.0,304.0,False,HARD,5.0,True,Haas F1 Team,6210.999,2024-12-01 16:52:14.187,1,15.0,False,,False,True
6382.456,MAG,20,85.58,33.0,2.0,,,32.06,28.789,24.731,6328.977,6357.766,6382.497,240.0,286.0,278.0,306.0,False,HARD,6.0,True,Haas F1 Team,6296.876,2024-12-01 16:53:40.064,1,15.0,False,,False,True
6468.593,MAG,20,86.137,34.0,2.0,,,31.775,28.915,25.447,6414.272,6443.187,6468.634,237.0,287.0,277.0,,False,HARD,7.0,True,Haas F1 Team,6382.456,2024-12-01 16:55:05.644,1,14.0,False,,False,True
6589.244,MAG,20,120.651,35.0,2.0,,,46.169,39.347,35.135,6514.803,6554.15,6589.285,222.0,192.0,217.0,142.0,False,HARD,8.0,True,Haas F1 Team,6468.593,2024-12-01 16:56:31.781,14,13.0,False,,False,False
6714.77,MAG,20,125.526,36.0,2.0,,6710.688,46.145,40.052,39.329,6635.43,6675.482,6714.811,201.0,125.0,,218.0,False,HARD,9.0,True,Haas F1 Team,6589.244,2024-12-01 16:58:32.432,4,11.0,False,,False,False
6844.844,MAG,20,130.074,37.0,3.0,6733.496,6839.843,54.136,33.331,42.607,6768.947,6802.278,6844.885,210.0,262.0,,174.0,False,HARD,10.0,False,Haas F1 Team,6714.77,2024-12-01 17:00:37.958,4,11.0,False,,False,False
6991.62,MAG,20,146.776,38.0,4.0,6873.191,,62.659,39.293,44.824,6907.544,6946.837,6991.661,225.0,236.0,224.0,171.0,False,HARD,11.0,False,Haas F1 Team,6844.844,2024-12-01 17:02:48.032,4,11.0,False,,False,False
7123.641,MAG,20,132.021,39.0,4.0,,,47.015,41.312,43.694,7038.676,7079.988,7123.682,81.0,127.0,279.0,267.0,False,HARD,12.0,False,Haas F1 Team,6991.62,2024-12-01 17:05:14.808,41,10.0,False,,False,False
7236.682,MAG,20,113.041,40.0,4.0,,,33.574,36.165,43.302,7157.256,7193.421,7236.723,232.0,71.0,188.0,310.0,False,HARD,13.0,False,Haas F1 Team,7123.641,2024-12-01 17:07:26.829,1264,10.0,False,,False,False
7370.222,MAG,20,133.54,41.0,4.0,,,37.548,46.89,49.102,7274.271,7321.161,7370.263,208.0,245.0,226.0,261.0,False,HARD,14.0,False,Haas F1 Team,7236.682,2024-12-01 17:09:19.870,4,10.0,False,,False,False
7508.598,MAG,20,138.376,42.0,4.0,,,45.344,44.445,48.587,7415.607,7460.052,7508.639,169.0,216.0,279.0,268.0,False,HARD,15.0,False,Haas F1 Team,7370.222,2024-12-01 17:11:33.410,41,10.0,False,,False,False
7597.612,MAG,20,89.014,43.0,4.0,,,34.114,29.393,25.507,7542.753,7572.146,7597.653,232.0,291.0,278.0,309.0,False,HARD,16.0,False,Haas F1 Team,7508.598,2024-12-01 17:13:51.786,1,11.0,False,,False,True
7683.872,MAG,20,86.26,44.0,4.0,,,32.162,29.054,25.044,7629.815,7658.869,7683.913,239.0,290.0,282.0,307.0,False,HARD,17.0,False,Haas F1 Team,7597.612,2024-12-01 17:15:20.800,1,11.0,False,,False,True
7769.656,MAG,20,85.784,45.0,4.0,,,31.806,28.985,24.993,7715.719,7744.704,7769.697,236.0,289.0,284.0,325.0,False,HARD,18.0,False,Haas F1 Team,7683.872,2024-12-01 17:16:47.060,1,11.0,False,,False,True
7855.479,MAG,20,85.823,46.0,4.0,,,32.106,28.853,24.864,7801.803,7830.656,7855.52,234.0,290.0,282.0,330.0,False,HARD,19.0,False,Haas F1 Team,7769.656,2024-12-01 17:18:12.844,1,10.0,True,TRACK LIMITS AT TURN 1 LAP 46 ,False,True
7941.021,MAG,20,85.542,47.0,4.0,,,31.881,28.827,24.834,7887.401,7916.228,7941.062,237.0,289.0,282.0,,False,HARD,20.0,False,Haas F1 Team,7855.479,2024-12-01 17:19:38.667,1,10.0,False,,False,True
8026.581,MAG,20,85.56,48.0,4.0,,,31.791,28.917,24.852,7972.853,8001.77,8026.622,236.0,290.0,284.0,329.0,False,HARD,21.0,False,Haas F1 Team,7941.021,2024-12-01 17:21:04.209,1,10.0,False,,False,True
8111.184,MAG,20,84.603,49.0,4.0,,,31.389,28.513,24.701,8058.011,8086.524,8111.225,,287.0,279.0,331.0,True,HARD,22.0,False,Haas F1 Team,8026.581,2024-12-01 17:22:29.769,1,9.0,False,,False,True
8195.768,MAG,20,84.584,50.0,4.0,,,31.56,28.398,24.626,8142.785,8171.183,8195.809,237.0,287.0,279.0,302.0,True,HARD,23.0,False,Haas F1 Team,8111.184,2024-12-01 17:23:54.372,1,9.0,False,,False,True
8280.326,MAG,20,84.558,51.0,4.0,,,31.483,28.476,24.599,8227.292,8255.768,8280.367,239.0,287.0,279.0,306.0,True,HARD,24.0,False,Haas F1 Team,8195.768,2024-12-01 17:25:18.956,1,9.0,False,,False,True
8364.919,MAG,20,84.593,52.0,4.0,,,31.545,28.468,24.58,8311.912,8340.38,8364.96,238.0,287.0,279.0,304.0,False,HARD,25.0,False,Haas F1 Team,8280.326,2024-12-01 17:26:43.514,1,9.0,False,,False,True
8449.401,MAG,20,84.482,53.0,4.0,,,31.61,28.405,24.467,8396.57,8424.975,8449.442,,287.0,280.0,303.0,True,HARD,26.0,False,Haas F1 Team,8364.919,2024-12-01 17:28:08.107,1,9.0,False,,False,True
8533.832,MAG,20,84.431,54.0,4.0,,,31.613,28.247,24.571,8481.055,8509.302,8533.873,239.0,288.0,280.0,301.0,True,HARD,27.0,False,Haas F1 Team,8449.401,2024-12-01 17:29:32.589,1,9.0,False,,False,True
8618.091,MAG,20,84.259,55.0,4.0,,,31.439,28.326,24.494,8565.312,8593.638,8618.132,240.0,288.0,280.0,306.0,True,HARD,28.0,False,Haas F1 Team,8533.832,2024-12-01 17:30:57.020,1,9.0,False,,False,True
8702.832,MAG,20,84.741,56.0,4.0,,,31.536,28.436,24.769,8649.668,8678.104,8702.873,238.0,288.0,280.0,305.0,False,HARD,29.0,False,Haas F1 Team,8618.091,2024-12-01 17:32:21.279,1,9.0,False,,False,True
8787.659,MAG,20,84.827,57.0,4.0,,,31.591,28.431,24.805,8734.464,8762.895,8787.7,239.0,288.0,279.0,306.0,False,HARD,30.0,False,Haas F1 Team,8702.832,2024-12-01 17:33:46.020,1,9.0,False,,False,True
3417.909,TSU,22,127.75,1.0,1.0,,,,48.859,40.326,,3377.788,3418.028,225.0,141.0,136.0,269.0,False,MEDIUM,1.0,True,RB,3289.896,2024-12-01 16:03:33.084,124,10.0,False,,False,False
3561.26,TSU,22,143.351,2.0,1.0,,,51.071,47.577,44.703,3469.001,3516.578,3561.281,226.0,230.0,203.0,223.0,True,MEDIUM,2.0,True,RB,3417.909,2024-12-01 16:05:41.097,4,10.0,False,,False,False
3699.757,TSU,22,138.497,3.0,1.0,,,47.859,42.325,48.313,3609.14,3651.465,3699.778,96.0,244.0,216.0,258.0,True,MEDIUM,3.0,True,RB,3561.26,2024-12-01 16:08:04.448,4,10.0,False,,False,False
3836.726,TSU,22,136.969,4.0,1.0,,,42.169,42.128,52.672,3741.947,3784.075,3836.747,127.0,229.0,281.0,233.0,True,MEDIUM,4.0,True,RB,3699.757,2024-12-01 16:10:22.945,41,10.0,False,,False,False
3926.766,TSU,22,90.04,5.0,1.0,,,33.793,30.102,26.145,3870.54,3900.642,3926.787,231.0,283.0,275.0,312.0,True,MEDIUM,5.0,True,RB,3836.726,2024-12-01 16:12:39.914,12,9.0,False,,False,True
4015.445,TSU,22,88.679,6.0,1.0,,,33.185,29.78,25.714,3959.972,3989.752,4015.466,235.0,282.0,275.0,302.0,True,MEDIUM,6.0,True,RB,3926.766,2024-12-01 16:14:09.954,1,9.0,False,,False,True
4103.662,TSU,22,88.217,7.0,1.0,,,32.728,29.707,25.782,4048.194,4077.901,4103.683,,281.0,275.0,305.0,True,MEDIUM,7.0,True,RB,4015.445,2024-12-01 16:15:38.633,1,9.0,False,,False,True
4191.399,TSU,22,87.737,8.0,1.0,,,32.831,29.455,25.451,4136.514,4165.969,4191.42,,282.0,275.0,303.0,True,MEDIUM,8.0,True,RB,4103.662,2024-12-01 16:17:06.850,1,9.0,False,,False,True
4279.06,TSU,22,87.661,9.0,1.0,,,32.609,29.581,25.471,4224.029,4253.61,4279.081,234.0,282.0,275.0,,True,MEDIUM,9.0,True,RB,4191.399,2024-12-01 16:18:34.587,1,9.0,False,,False,True
4368.266,TSU,22,89.206,10.0,1.0,,,33.831,29.783,25.592,4312.912,4342.695,4368.287,229.0,283.0,276.0,302.0,False,MEDIUM,10.0,True,RB,4279.06,2024-12-01 16:20:02.248,1,10.0,False,,False,True
4456.44,TSU,22,88.174,11.0,1.0,,,32.938,29.724,25.512,4401.225,4430.949,4456.461,234.0,283.0,278.0,305.0,False,MEDIUM,11.0,True,RB,4368.266,2024-12-01 16:21:31.454,1,10.0,False,,False,True
4544.35,TSU,22,87.91,12.0,1.0,,,32.689,29.775,25.446,4489.15,4518.925,4544.371,236.0,283.0,276.0,325.0,False,MEDIUM,12.0,True,RB,4456.44,2024-12-01 16:22:59.628,1,10.0,False,,False,True
4633.05,TSU,22,88.7,13.0,1.0,,,33.331,29.815,25.554,4577.702,4607.517,4633.071,233.0,284.0,276.0,305.0,False,MEDIUM,13.0,True,RB,4544.35,2024-12-01 16:24:27.538,1,11.0,False,,False,True
4721.882,TSU,22,88.832,14.0,1.0,,,33.385,29.895,25.552,4666.456,4696.351,4721.903,,283.0,275.0,304.0,False,MEDIUM,14.0,True,RB,4633.05,2024-12-01 16:25:56.238,1,12.0,False,,False,True
4810.53,TSU,22,88.648,15.0,1.0,,,33.257,29.794,25.597,4755.16,4784.954,4810.551,234.0,282.0,276.0,303.0,False,MEDIUM,15.0,True,RB,4721.882,2024-12-01 16:27:25.070,1,13.0,False,,False,True
4898.165,TSU,22,87.635,16.0,1.0,,,32.548,29.587,25.5,4843.099,4872.686,4898.186,237.0,282.0,276.0,305.0,True,MEDIUM,16.0,True,RB,4810.53,2024-12-01 16:28:53.718,1,13.0,False,,False,True
4985.598,TSU,22,87.433,17.0,1.0,,,32.598,29.475,25.36,4930.784,4960.259,4985.619,236.0,282.0,275.0,,True,MEDIUM,17.0,True,RB,4898.165,2024-12-01 16:30:21.353,1,13.0,False,,False,True
5073.172,TSU,22,87.574,18.0,1.0,,,32.583,29.445,25.546,5018.202,5047.647,5073.193,,283.0,274.0,303.0,False,MEDIUM,18.0,True,RB,4985.598,2024-12-01 16:31:48.786,1,13.0,False,,False,True
5160.709,TSU,22,87.537,19.0,1.0,,,32.506,29.533,25.498,5105.699,5135.232,5160.73,234.0,283.0,274.0,302.0,False,MEDIUM,19.0,True,RB,5073.172,2024-12-01 16:33:16.360,1,13.0,False,,False,True
5248.956,TSU,22,88.247,20.0,1.0,,,33.132,29.546,25.569,5193.862,5223.408,5248.977,236.0,283.0,275.0,301.0,False,MEDIUM,20.0,True,RB,5160.709,2024-12-01 16:34:43.897,1,14.0,False,,False,True
5336.257,TSU,22,87.301,21.0,1.0,,,32.556,29.353,25.392,5281.533,5310.886,5336.278,,283.0,276.0,304.0,True,MEDIUM,21.0,True,RB,5248.956,2024-12-01 16:36:12.144,1,14.0,False,,False,True
5423.419,TSU,22,87.162,22.0,1.0,,,32.489,29.263,25.41,5368.767,5398.03,5423.44,237.0,283.0,276.0,303.0,True,MEDIUM,22.0,True,RB,5336.257,2024-12-01 16:37:39.445,1,14.0,False,,False,True
5510.558,TSU,22,87.139,23.0,1.0,,,32.421,29.362,25.356,5455.861,5485.223,5510.579,,283.0,276.0,,True,MEDIUM,23.0,True,RB,5423.419,2024-12-01 16:39:06.607,1,14.0,False,,False,True
5597.594,TSU,22,87.036,24.0,1.0,,,32.453,29.217,25.366,5543.032,5572.249,5597.615,,283.0,275.0,,True,MEDIUM,24.0,True,RB,5510.558,2024-12-01 16:40:33.746,1,13.0,False,,False,True
5684.569,TSU,22,86.975,25.0,1.0,,,32.471,29.141,25.363,5630.086,5659.227,5684.59,239.0,283.0,275.0,301.0,True,MEDIUM,25.0,True,RB,5597.594,2024-12-01 16:42:00.782,1,13.0,False,,False,True
5771.294,TSU,22,86.725,26.0,1.0,,,32.387,29.05,25.288,5716.977,5746.027,5771.315,238.0,283.0,275.0,,True,MEDIUM,26.0,True,RB,5684.569,2024-12-01 16:43:27.757,1,13.0,False,,False,True
5857.799,TSU,22,86.505,27.0,1.0,,,32.309,28.979,25.217,5803.624,5832.603,5857.82,239.0,283.0,275.0,,True,MEDIUM,27.0,True,RB,5771.294,2024-12-01 16:44:54.482,1,13.0,False,,False,True
5944.259,TSU,22,86.46,28.0,1.0,,,32.321,28.988,25.151,5890.141,5919.129,5944.28,,283.0,275.0,,True,MEDIUM,28.0,True,RB,5857.799,2024-12-01 16:46:20.987,1,12.0,False,,False,True
6030.764,TSU,22,86.505,29.0,1.0,,,32.313,29.013,25.179,5976.593,6005.606,6030.785,237.0,284.0,275.0,300.0,False,MEDIUM,29.0,True,RB,5944.259,2024-12-01 16:47:47.447,12,12.0,False,,False,True
6117.676,TSU,22,86.912,30.0,1.0,,,32.684,29.088,25.14,6063.469,6092.557,6117.697,239.0,283.0,276.0,295.0,False,MEDIUM,30.0,True,RB,6030.764,2024-12-01 16:49:13.952,1,12.0,False,,False,True
6204.045,TSU,22,86.369,31.0,1.0,,,32.247,29.01,25.112,6149.944,6178.954,6204.066,,283.0,275.0,300.0,True,MEDIUM,31.0,True,RB,6117.676,2024-12-01 16:50:40.864,1,12.0,False,,False,True
6290.501,TSU,22,86.456,32.0,1.0,,,32.323,28.946,25.187,6236.389,6265.335,6290.522,,283.0,276.0,,False,MEDIUM,32.0,True,RB,6204.045,2024-12-01 16:52:07.233,1,12.0,False,,False,True
6377.02,TSU,22,86.519,33.0,1.0,,,32.243,28.958,25.318,6322.765,6351.723,6377.041,240.0,284.0,275.0,,False,MEDIUM,33.0,True,RB,6290.501,2024-12-01 16:53:33.689,1,12.0,False,,False,True
6463.35,TSU,22,86.33,34.0,1.0,,,32.266,28.905,25.159,6409.307,6438.212,6463.371,,284.0,276.0,299.0,True,MEDIUM,34.0,True,RB,6377.02,2024-12-01 16:55:00.208,1,11.0,False,,False,True
6585.212,TSU,22,121.862,35.0,1.0,,6581.234,44.707,39.885,37.27,6508.078,6547.963,6585.233,210.0,152.0,,,False,MEDIUM,35.0,True,RB,6463.35,2024-12-01 16:56:26.538,14,11.0,False,,False,False
6728.454,TSU,22,143.242,36.0,2.0,6610.14,6724.342,64.359,42.519,36.364,6649.592,6692.111,6728.475,211.0,134.0,,164.0,False,HARD,1.0,True,RB,6585.212,2024-12-01 16:58:28.400,4,12.0,False,,False,False
6847.45,TSU,22,118.996,37.0,3.0,6747.163,6842.304,50.636,30.124,38.236,6779.111,6809.235,6847.471,233.0,261.0,,172.0,False,HARD,2.0,False,RB,6728.454,2024-12-01 17:00:51.642,4,12.0,False,,False,False
6994.232,TSU,22,146.782,38.0,4.0,6878.201,,62.733,39.584,44.465,6910.204,6949.788,6994.253,234.0,221.0,218.0,170.0,False,HARD,3.0,False,RB,6847.45,2024-12-01 17:02:50.638,4,12.0,False,,False,False
7123.979,TSU,22,129.747,39.0,4.0,,,45.25,43.191,41.306,7039.503,7082.694,7124.0,59.0,180.0,283.0,264.0,False,HARD,4.0,False,RB,6994.232,2024-12-01 17:05:17.420,41,11.0,False,,False,False
7243.22,TSU,22,119.241,40.0,4.0,,7239.23,33.78,39.825,45.636,7157.78,7197.605,7243.241,239.0,110.0,,310.0,False,HARD,5.0,False,RB,7123.979,2024-12-01 17:07:27.167,1264,13.0,False,,False,False
7378.198,TSU,22,134.978,41.0,5.0,7268.418,,57.858,34.553,42.567,7301.099,7335.652,7378.219,227.0,232.0,209.0,164.0,False,SOFT,1.0,True,RB,7243.22,2024-12-01 17:09:26.408,4,14.0,False,,False,False
7509.899,TSU,22,131.701,42.0,5.0,,,43.109,44.75,43.842,7421.328,7466.078,7509.92,236.0,216.0,284.0,258.0,False,SOFT,2.0,True,RB,7378.198,2024-12-01 17:11:41.386,41,14.0,False,,False,False
7598.588,TSU,22,88.689,43.0,5.0,,,33.602,29.465,25.622,7543.522,7572.987,7598.609,235.0,292.0,279.0,315.0,False,SOFT,3.0,True,RB,7509.899,2024-12-01 17:13:53.087,1,13.0,False,,False,True
7685.776,TSU,22,87.188,44.0,5.0,,,32.692,29.265,25.231,7631.301,7660.566,7685.797,238.0,287.0,279.0,305.0,False,SOFT,4.0,True,RB,7598.588,2024-12-01 17:15:21.776,1,13.0,False,,False,True
7772.574,TSU,22,86.798,45.0,5.0,,,32.804,29.035,24.959,7718.601,7747.636,7772.595,239.0,287.0,279.0,308.0,False,SOFT,5.0,True,RB,7685.776,2024-12-01 17:16:48.964,1,14.0,False,,False,True
7858.941,TSU,22,86.367,46.0,5.0,,,32.178,29.054,25.135,7804.773,7833.827,7858.962,,288.0,281.0,,False,SOFT,6.0,True,RB,7772.574,2024-12-01 17:18:15.762,1,13.0,False,,False,True
7945.085,TSU,22,86.144,47.0,5.0,,,32.121,29.006,25.017,7891.083,7920.089,7945.106,,287.0,280.0,327.0,True,SOFT,7.0,True,RB,7858.941,2024-12-01 17:19:42.129,1,12.0,False,,False,True
8031.239,TSU,22,86.154,48.0,5.0,,,32.258,28.935,24.961,7977.364,8006.299,8031.26,238.0,286.0,279.0,307.0,False,SOFT,8.0,True,RB,7945.085,2024-12-01 17:21:08.273,1,12.0,False,,False,True
8117.519,TSU,22,86.28,49.0,5.0,,,32.195,28.937,25.148,8063.455,8092.392,8117.54,,285.0,278.0,306.0,False,SOFT,9.0,True,RB,8031.239,2024-12-01 17:22:34.427,1,12.0,False,,False,True
8204.549,TSU,22,87.03,50.0,5.0,,,32.422,29.118,25.49,8149.962,8179.08,8204.57,239.0,285.0,277.0,304.0,False,SOFT,10.0,True,RB,8117.519,2024-12-01 17:24:00.707,1,12.0,False,,False,True
8291.85,TSU,22,87.301,51.0,5.0,,,32.532,29.267,25.502,8237.102,8266.369,8291.871,238.0,285.0,276.0,303.0,False,SOFT,11.0,True,RB,8204.549,2024-12-01 17:25:27.737,1,12.0,False,,False,True
8379.63,TSU,22,87.78,52.0,5.0,,,33.009,29.386,25.385,8324.88,8354.266,8379.651,236.0,285.0,277.0,,False,SOFT,12.0,True,RB,8291.85,2024-12-01 17:26:55.038,1,13.0,False,,False,True
8467.013,TSU,22,87.383,53.0,5.0,,,32.635,29.29,25.458,8412.286,8441.576,8467.034,235.0,285.0,277.0,,False,SOFT,13.0,True,RB,8379.63,2024-12-01 17:28:22.818,1,13.0,False,,False,True
8554.35,TSU,22,87.337,54.0,5.0,,,32.574,29.367,25.396,8499.608,8528.975,8554.371,238.0,286.0,278.0,305.0,False,SOFT,14.0,True,RB,8467.013,2024-12-01 17:29:50.201,1,13.0,False,,False,True
8641.783,TSU,22,87.433,55.0,5.0,,,32.705,29.394,25.334,8587.076,8616.47,8641.804,237.0,287.0,278.0,,False,SOFT,15.0,True,RB,8554.35,2024-12-01 17:31:17.538,1,12.0,False,,False,True
8729.457,TSU,22,87.674,56.0,5.0,,,33.092,29.287,25.295,8674.896,8704.183,8729.478,236.0,286.0,277.0,320.0,False,SOFT,16.0,True,RB,8641.783,2024-12-01 17:32:44.971,1,13.0,False,,False,True
8816.582,TSU,22,87.125,57.0,5.0,,,32.655,29.067,25.403,8762.133,8791.2,8816.603,239.0,285.0,277.0,301.0,False,SOFT,17.0,True,RB,8729.457,2024-12-01 17:34:12.645,1,13.0,False,,False,True
3425.543,ALB,23,135.384,1.0,1.0,,,,52.8,37.468,,3388.224,3425.635,201.0,130.0,161.0,270.0,False,MEDIUM,1.0,True,Williams,3289.896,2024-12-01 16:03:33.084,124,16.0,False,,False,False
3571.839,ALB,23,146.296,2.0,1.0,,,52.552,45.611,48.133,3478.138,3523.749,3571.882,160.0,244.0,209.0,217.0,True,MEDIUM,2.0,True,Williams,3425.543,2024-12-01 16:05:48.731,4,16.0,False,,False,False
3709.309,ALB,23,137.47,3.0,1.0,,,44.799,43.538,49.133,3616.681,3660.219,3709.352,135.0,208.0,158.0,282.0,True,MEDIUM,3.0,True,Williams,3571.839,2024-12-01 16:08:15.027,4,16.0,False,,False,False
3839.136,ALB,23,129.827,4.0,1.0,,,40.208,40.041,49.578,3749.56,3789.601,3839.179,118.0,223.0,275.0,277.0,True,MEDIUM,4.0,True,Williams,3709.309,2024-12-01 16:10:32.497,41,16.0,False,,False,False
3930.282,ALB,23,91.146,5.0,1.0,,,34.065,30.574,26.507,3873.244,3903.818,3930.325,234.0,281.0,277.0,304.0,True,MEDIUM,5.0,True,Williams,3839.136,2024-12-01 16:12:42.324,12,15.0,False,,False,True
4020.203,ALB,23,89.921,6.0,1.0,,,33.65,30.128,26.143,3963.975,3994.103,4020.246,231.0,280.0,275.0,,True,MEDIUM,6.0,True,Williams,3930.282,2024-12-01 16:14:13.470,1,15.0,False,,False,True
4108.731,ALB,23,88.528,7.0,1.0,,,32.674,29.779,26.075,4052.92,4082.699,4108.774,233.0,279.0,272.0,323.0,True,MEDIUM,7.0,True,Williams,4020.203,2024-12-01 16:15:43.391,1,15.0,False,,False,True
4197.23,ALB,23,88.499,8.0,1.0,,,32.96,29.674,25.865,4141.734,4171.408,4197.273,235.0,280.0,272.0,304.0,True,MEDIUM,8.0,True,Williams,4108.731,2024-12-01 16:17:11.919,1,15.0,False,,False,True
4285.268,ALB,23,88.038,9.0,1.0,,,32.629,29.653,25.756,4229.902,4259.555,4285.311,236.0,280.0,273.0,303.0,True,MEDIUM,9.0,True,Williams,4197.23,2024-12-01 16:18:40.418,1,15.0,False,,False,True
4373.049,ALB,23,87.781,10.0,1.0,,,32.568,29.482,25.731,4317.879,4347.361,4373.092,234.0,280.0,272.0,304.0,True,MEDIUM,10.0,True,Williams,4285.268,2024-12-01 16:20:08.456,1,15.0,False,,False,True
4462.301,ALB,23,89.252,11.0,1.0,,,33.813,29.794,25.645,4406.905,4436.699,4462.344,226.0,280.0,272.0,,False,MEDIUM,11.0,True,Williams,4373.049,2024-12-01 16:21:36.237,1,15.0,False,,False,True
4549.6,ALB,23,87.299,12.0,1.0,,,32.462,29.438,25.399,4494.806,4524.244,4549.643,236.0,281.0,273.0,303.0,True,MEDIUM,12.0,True,Williams,4462.301,2024-12-01 16:23:05.489,1,15.0,False,,False,True
4637.371,ALB,23,87.771,13.0,1.0,,,32.623,29.656,25.492,4582.266,4611.922,4637.414,235.0,281.0,273.0,304.0,False,MEDIUM,13.0,True,Williams,4549.6,2024-12-01 16:24:32.788,1,15.0,False,,False,True
4724.896,ALB,23,87.525,14.0,1.0,,,32.461,29.63,25.434,4669.875,4699.505,4724.939,238.0,281.0,273.0,305.0,False,MEDIUM,14.0,True,Williams,4637.371,2024-12-01 16:26:00.559,1,15.0,False,,False,True
4812.689,ALB,23,87.793,15.0,1.0,,,32.741,29.59,25.462,4757.68,4787.27,4812.732,236.0,281.0,274.0,304.0,False,MEDIUM,15.0,True,Williams,4724.896,2024-12-01 16:27:28.084,1,15.0,False,,False,True
4900.289,ALB,23,87.6,16.0,1.0,,,32.583,29.475,25.542,4845.315,4874.79,4900.332,235.0,282.0,275.0,305.0,False,MEDIUM,16.0,True,Williams,4812.689,2024-12-01 16:28:55.877,1,15.0,False,,False,True
4987.845,ALB,23,87.556,17.0,1.0,,,32.371,29.673,25.512,4932.703,4962.376,4987.888,,281.0,273.0,322.0,False,MEDIUM,17.0,True,Williams,4900.289,2024-12-01 16:30:23.477,1,15.0,False,,False,True
5075.166,ALB,23,87.321,18.0,1.0,,,32.514,29.439,25.368,5020.402,5049.841,5075.209,236.0,281.0,273.0,301.0,False,MEDIUM,18.0,True,Williams,4987.845,2024-12-01 16:31:51.033,1,15.0,False,,False,True
5162.594,ALB,23,87.428,19.0,1.0,,,32.449,29.529,25.45,5107.658,5137.187,5162.637,240.0,282.0,273.0,305.0,False,MEDIUM,19.0,True,Williams,5075.166,2024-12-01 16:33:18.354,1,15.0,False,,False,True
5249.941,ALB,23,87.347,20.0,1.0,,,32.529,29.461,25.357,5195.166,5224.627,5249.984,237.0,282.0,273.0,303.0,False,MEDIUM,20.0,True,Williams,5162.594,2024-12-01 16:34:45.782,1,15.0,False,,False,True
5337.361,ALB,23,87.42,21.0,1.0,,,32.563,29.492,25.365,5282.547,5312.039,5337.404,236.0,282.0,275.0,304.0,False,MEDIUM,21.0,True,Williams,5249.941,2024-12-01 16:36:13.129,1,15.0,False,,False,True
5424.494,ALB,23,87.133,22.0,1.0,,,32.245,29.472,25.416,5369.649,5399.121,5424.537,239.0,283.0,275.0,320.0,True,MEDIUM,22.0,True,Williams,5337.361,2024-12-01 16:37:40.549,1,15.0,False,,False,True
5511.445,ALB,23,86.951,23.0,1.0,,,32.227,29.395,25.329,5456.764,5486.159,5511.488,238.0,283.0,274.0,,True,MEDIUM,23.0,True,Williams,5424.494,2024-12-01 16:39:07.682,1,15.0,False,,False,True
5598.413,ALB,23,86.968,24.0,1.0,,,32.288,29.374,25.306,5543.776,5573.15,5598.456,,284.0,275.0,,False,MEDIUM,24.0,True,Williams,5511.445,2024-12-01 16:40:34.633,1,15.0,False,,False,True
5685.411,ALB,23,86.998,25.0,1.0,,,32.322,29.45,25.226,5630.778,5660.228,5685.454,237.0,283.0,277.0,321.0,False,MEDIUM,25.0,True,Williams,5598.413,2024-12-01 16:42:01.601,1,14.0,False,,False,True
5772.185,ALB,23,86.774,26.0,1.0,,,32.188,29.34,25.246,5717.642,5746.982,5772.228,236.0,283.0,277.0,319.0,True,MEDIUM,26.0,True,Williams,5685.411,2024-12-01 16:43:28.599,1,14.0,False,,False,True
5858.848,ALB,23,86.663,27.0,1.0,,,32.134,29.278,25.251,5804.362,5833.64,5858.891,235.0,283.0,276.0,322.0,True,MEDIUM,27.0,True,Williams,5772.185,2024-12-01 16:44:55.373,1,14.0,False,,False,True
5945.401,ALB,23,86.553,28.0,1.0,,,32.077,29.303,25.173,5890.968,5920.271,5945.444,237.0,282.0,276.0,320.0,True,MEDIUM,28.0,True,Williams,5858.848,2024-12-01 16:46:22.036,1,13.0,False,,False,True
6031.796,ALB,23,86.395,29.0,1.0,,,31.943,29.317,25.135,5977.387,6006.704,6031.839,236.0,283.0,276.0,,True,MEDIUM,29.0,True,Williams,5945.401,2024-12-01 16:47:48.589,12,13.0,False,,False,True
6118.504,ALB,23,86.708,30.0,1.0,,,32.26,29.352,25.096,6064.099,6093.451,6118.547,239.0,283.0,278.0,319.0,False,MEDIUM,30.0,True,Williams,6031.796,2024-12-01 16:49:14.984,1,13.0,False,,False,True
6204.894,ALB,23,86.39,31.0,1.0,,,32.01,29.313,25.067,6150.557,6179.87,6204.937,236.0,284.0,279.0,322.0,True,MEDIUM,31.0,True,Williams,6118.504,2024-12-01 16:50:41.692,1,13.0,False,,False,True
6291.466,ALB,23,86.572,32.0,1.0,,,32.084,29.303,25.185,6237.021,6266.324,6291.509,,283.0,276.0,317.0,False,MEDIUM,32.0,True,Williams,6204.894,2024-12-01 16:52:08.082,1,13.0,False,,False,True
6377.769,ALB,23,86.303,33.0,1.0,,,32.044,29.214,25.045,6323.553,6352.767,6377.812,239.0,283.0,278.0,320.0,True,MEDIUM,33.0,True,Williams,6291.466,2024-12-01 16:53:34.654,1,13.0,False,,False,True
6465.477,ALB,23,87.708,34.0,1.0,,,32.098,29.334,26.276,6409.91,6439.244,6465.52,235.0,284.0,274.0,322.0,False,MEDIUM,34.0,True,Williams,6377.769,2024-12-01 16:55:00.957,1,12.0,False,,False,True
6587.394,ALB,23,121.917,35.0,1.0,,6583.269,43.962,40.382,37.573,6509.482,6549.864,6587.437,215.0,192.0,,299.0,False,MEDIUM,35.0,True,Williams,6465.477,2024-12-01 16:56:28.665,14,12.0,False,,False,False
6730.133,ALB,23,142.739,36.0,2.0,6612.541,6726.082,64.975,40.763,37.001,6652.412,6693.175,6730.176,206.0,119.0,,179.0,False,SOFT,1.0,True,Williams,6587.394,2024-12-01 16:58:30.582,4,13.0,False,,False,False
6848.736,ALB,23,118.603,37.0,3.0,6748.715,6843.427,51.519,30.969,36.115,6781.695,6812.664,6848.779,221.0,279.0,,153.0,False,SOFT,2.0,False,Williams,6730.133,2024-12-01 17:00:53.321,4,13.0,False,,False,False
6995.037,ALB,23,146.301,38.0,4.0,6879.949,,63.306,38.621,44.374,6912.085,6950.706,6995.08,228.0,232.0,219.0,150.0,False,SOFT,3.0,False,Williams,6848.736,2024-12-01 17:02:51.924,4,13.0,False,,False,False
7124.095,ALB,23,129.058,39.0,4.0,,,45.3,42.894,40.864,7040.38,7083.274,7124.138,78.0,199.0,287.0,225.0,False,SOFT,4.0,False,Williams,6995.037,2024-12-01 17:05:18.225,41,12.0,False,,False,False
7238.129,ALB,23,114.034,40.0,4.0,,,33.36,36.444,44.23,7157.498,7193.942,7238.172,236.0,68.0,260.0,308.0,False,SOFT,5.0,False,Williams,7124.095,2024-12-01 17:07:27.283,1264,11.0,False,,False,False
7372.194,ALB,23,134.065,41.0,4.0,,,39.137,44.927,50.001,7277.309,7322.236,7372.237,210.0,177.0,238.0,263.0,False,SOFT,6.0,False,Williams,7238.129,2024-12-01 17:09:21.317,4,11.0,False,,False,False
7508.677,ALB,23,136.483,42.0,4.0,,,44.481,43.92,48.082,7416.718,7460.638,7508.72,161.0,218.0,277.0,291.0,False,SOFT,7.0,False,Williams,7372.194,2024-12-01 17:11:35.382,41,11.0,False,,False,False
7596.645,ALB,23,87.968,43.0,4.0,,,33.312,29.509,25.147,7542.032,7571.541,7596.688,234.0,285.0,279.0,309.0,False,SOFT,8.0,False,Williams,7508.677,2024-12-01 17:13:51.865,1,10.0,False,,False,True
7683.169,ALB,23,86.524,44.0,4.0,,,32.631,28.996,24.897,7629.319,7658.315,7683.212,,285.0,280.0,296.0,False,SOFT,9.0,False,Williams,7596.645,2024-12-01 17:15:19.833,1,10.0,False,,False,True
7769.013,ALB,23,85.844,45.0,4.0,,,31.895,28.934,25.015,7715.107,7744.041,7769.056,237.0,283.0,275.0,324.0,True,SOFT,10.0,False,Williams,7683.169,2024-12-01 17:16:46.357,1,10.0,False,,False,True
7854.714,ALB,23,85.701,46.0,4.0,,,31.968,28.747,24.986,7801.024,7829.771,7854.757,239.0,283.0,275.0,298.0,True,SOFT,11.0,False,Williams,7769.013,2024-12-01 17:18:12.201,1,9.0,False,,False,True
7940.273,ALB,23,85.559,47.0,4.0,,,31.787,28.85,24.922,7886.544,7915.394,7940.316,241.0,284.0,276.0,299.0,True,SOFT,12.0,False,Williams,7854.714,2024-12-01 17:19:37.902,1,9.0,False,,False,True
8026.024,ALB,23,85.751,48.0,4.0,,,31.969,28.869,24.913,7972.285,8001.154,8026.067,237.0,283.0,276.0,303.0,False,SOFT,13.0,False,Williams,7940.273,2024-12-01 17:21:03.461,1,9.0,False,,False,True
8113.246,ALB,23,87.222,49.0,4.0,,,32.834,29.142,25.246,8058.901,8088.043,8113.289,236.0,284.0,275.0,300.0,False,SOFT,14.0,False,Williams,8026.024,2024-12-01 17:22:29.212,1,10.0,False,,False,True
8200.027,ALB,23,86.781,50.0,4.0,,,32.254,29.219,25.308,8145.543,8174.762,8200.07,239.0,283.0,275.0,303.0,False,SOFT,15.0,False,Williams,8113.246,2024-12-01 17:23:56.434,1,10.0,False,,False,True
8286.687,ALB,23,86.66,51.0,4.0,,,32.285,29.154,25.221,8232.355,8261.509,8286.73,,283.0,273.0,301.0,False,SOFT,16.0,False,Williams,8200.027,2024-12-01 17:25:23.215,1,10.0,False,,False,True
8374.197,ALB,23,87.51,52.0,4.0,,,32.736,29.25,25.524,8319.466,8348.716,8374.24,236.0,284.0,273.0,300.0,False,SOFT,17.0,False,Williams,8286.687,2024-12-01 17:26:49.875,1,10.0,False,,False,True
8464.518,ALB,23,90.321,53.0,4.0,,,34.087,30.446,25.788,8408.327,8438.773,8464.561,233.0,283.0,273.0,310.0,False,SOFT,18.0,False,Williams,8374.197,2024-12-01 17:28:17.385,1,12.0,False,,False,True
8552.685,ALB,23,88.167,54.0,4.0,,,32.944,29.666,25.557,8497.505,8527.171,8552.728,239.0,283.0,274.0,302.0,False,SOFT,19.0,False,Williams,8464.518,2024-12-01 17:29:47.706,1,12.0,False,,False,True
8644.908,ALB,23,92.223,55.0,4.0,,8640.846,32.674,29.695,29.854,8585.402,8615.097,8644.951,240.0,283.0,,300.0,False,SOFT,20.0,False,Williams,8552.685,2024-12-01 17:31:15.873,1,14.0,False,,False,False
8768.451,ALB,23,123.543,56.0,5.0,8680.467,,69.931,28.523,25.089,8714.882,8743.405,8768.494,243.0,284.0,276.0,159.0,False,SOFT,1.0,True,Williams,8644.908,2024-12-01 17:32:48.096,1,15.0,False,,False,False
3424.203,ZHO,24,134.044,1.0,1.0,,,,50.928,40.013,,3384.397,3424.308,209.0,118.0,115.0,255.0,False,MEDIUM,1.0,True,Kick Sauber,3289.896,2024-12-01 16:03:33.084,124,15.0,False,,False,False
3570.064,ZHO,24,145.861,2.0,1.0,,,52.61,46.103,47.148,3476.852,3522.955,3570.103,184.0,234.0,197.0,238.0,True,MEDIUM,2.0,True,Kick Sauber,3424.203,2024-12-01 16:05:47.391,4,15.0,False,,False,False
3708.395,ZHO,24,138.331,3.0,1.0,,,46.014,43.116,49.201,3616.117,3659.233,3708.434,89.0,219.0,166.0,255.0,True,MEDIUM,3.0,True,Kick Sauber,3570.064,2024-12-01 16:08:13.252,4,15.0,False,,False,False
3838.69,ZHO,24,130.295,4.0,1.0,,,40.445,39.521,50.329,3748.879,3788.4,3838.729,94.0,186.0,277.0,253.0,True,MEDIUM,4.0,True,Kick Sauber,3708.395,2024-12-01 16:10:31.583,41,15.0,False,,False,False
3929.207,ZHO,24,90.517,5.0,1.0,,,33.499,30.341,26.677,3872.228,3902.569,3929.246,230.0,281.0,279.0,305.0,True,MEDIUM,5.0,True,Kick Sauber,3838.69,2024-12-01 16:12:41.878,12,13.0,False,,False,True
4018.465,ZHO,24,89.258,6.0,1.0,,,33.397,29.958,25.903,3962.643,3992.601,4018.504,228.0,283.0,278.0,307.0,True,MEDIUM,6.0,True,Kick Sauber,3929.207,2024-12-01 16:14:12.395,1,13.0,False,,False,True
4106.521,ZHO,24,88.056,7.0,1.0,,,32.625,29.704,25.727,4051.129,4080.833,4106.56,231.0,284.0,278.0,322.0,True,MEDIUM,7.0,True,Kick Sauber,4018.465,2024-12-01 16:15:41.653,1,13.0,False,,False,True
4194.89,ZHO,24,88.369,8.0,1.0,,,32.515,29.871,25.983,4139.075,4168.946,4194.929,,282.0,276.0,324.0,False,MEDIUM,8.0,True,Kick Sauber,4106.521,2024-12-01 16:17:09.709,1,13.0,False,,False,True
4282.968,ZHO,24,88.078,9.0,1.0,,,32.435,29.713,25.93,4227.364,4257.077,4283.007,229.0,281.0,275.0,307.0,False,MEDIUM,9.0,True,Kick Sauber,4194.89,2024-12-01 16:18:38.078,1,13.0,False,,False,True
4370.611,ZHO,24,87.643,10.0,1.0,,,32.373,29.569,25.701,4315.38,4344.949,4370.65,230.0,283.0,276.0,305.0,True,MEDIUM,10.0,True,Kick Sauber,4282.968,2024-12-01 16:20:06.156,1,13.0,False,,False,True
4458.775,ZHO,24,88.164,11.0,1.0,,,32.388,29.993,25.783,4403.038,4433.031,4458.814,229.0,283.0,277.0,320.0,False,MEDIUM,11.0,True,Kick Sauber,4370.611,2024-12-01 16:21:33.799,1,13.0,False,,False,True
4546.748,ZHO,24,87.973,12.0,1.0,,,32.537,29.677,25.759,4491.351,4521.028,4546.787,232.0,283.0,277.0,323.0,False,MEDIUM,12.0,True,Kick Sauber,4458.775,2024-12-01 16:23:01.963,1,13.0,False,,False,True
4634.407,ZHO,24,87.659,13.0,1.0,,,32.277,29.668,25.714,4579.064,4608.732,4634.446,233.0,283.0,277.0,322.0,False,MEDIUM,13.0,True,Kick Sauber,4546.748,2024-12-01 16:24:29.936,1,13.0,False,,False,True
4722.316,ZHO,24,87.909,14.0,1.0,,,32.454,30.022,25.433,4666.9,4696.922,4722.355,232.0,283.0,279.0,,False,MEDIUM,14.0,True,Kick Sauber,4634.407,2024-12-01 16:25:57.595,1,13.0,False,,False,True
4809.34,ZHO,24,87.024,15.0,1.0,,,32.122,29.452,25.45,4754.477,4783.929,4809.379,229.0,283.0,275.0,328.0,True,MEDIUM,15.0,True,Kick Sauber,4722.316,2024-12-01 16:27:25.504,1,12.0,False,,False,True
4896.505,ZHO,24,87.165,16.0,1.0,,,32.399,29.337,25.429,4841.778,4871.115,4896.544,234.0,283.0,275.0,302.0,False,MEDIUM,16.0,True,Kick Sauber,4809.34,2024-12-01 16:28:52.528,1,12.0,False,,False,True
4983.752,ZHO,24,87.247,17.0,1.0,,,32.354,29.38,25.513,4928.898,4958.278,4983.791,236.0,283.0,274.0,303.0,False,MEDIUM,17.0,True,Kick Sauber,4896.505,2024-12-01 16:30:19.693,1,12.0,False,,False,True
5070.772,ZHO,24,87.02,18.0,1.0,,,32.334,29.295,25.391,5016.125,5045.42,5070.811,,283.0,274.0,301.0,True,MEDIUM,18.0,True,Kick Sauber,4983.752,2024-12-01 16:31:46.940,1,12.0,False,,False,True
5157.66,ZHO,24,86.888,19.0,1.0,,,32.262,29.298,25.328,5103.073,5132.371,5157.699,235.0,283.0,274.0,302.0,True,MEDIUM,19.0,True,Kick Sauber,5070.772,2024-12-01 16:33:13.960,1,12.0,False,,False,True
5244.269,ZHO,24,86.609,20.0,1.0,,,32.256,29.107,25.246,5189.955,5219.062,5244.308,234.0,283.0,274.0,296.0,True,MEDIUM,20.0,True,Kick Sauber,5157.66,2024-12-01 16:34:40.848,1,12.0,False,,False,True
5330.863,ZHO,24,86.594,21.0,1.0,,,32.36,29.11,25.124,5276.668,5305.778,5330.902,233.0,283.0,275.0,294.0,True,MEDIUM,21.0,True,Kick Sauber,5244.269,2024-12-01 16:36:07.457,1,12.0,False,,False,True
5417.291,ZHO,24,86.428,22.0,1.0,,,32.239,29.067,25.122,5363.141,5392.208,5417.33,235.0,283.0,275.0,295.0,True,MEDIUM,22.0,True,Kick Sauber,5330.863,2024-12-01 16:37:34.051,1,12.0,False,,False,True
5503.417,ZHO,24,86.126,23.0,1.0,,,32.111,28.945,25.07,5449.441,5478.386,5503.456,,284.0,276.0,299.0,True,MEDIUM,23.0,True,Kick Sauber,5417.291,2024-12-01 16:39:00.479,1,12.0,False,,False,True
5589.814,ZHO,24,86.397,24.0,1.0,,,32.121,29.041,25.235,5535.577,5564.618,5589.853,236.0,284.0,275.0,,False,MEDIUM,24.0,True,Kick Sauber,5503.417,2024-12-01 16:40:26.605,1,12.0,False,,False,True
5676.005,ZHO,24,86.191,25.0,1.0,,,32.125,29.001,25.065,5621.978,5650.979,5676.044,235.0,284.0,276.0,303.0,False,MEDIUM,25.0,True,Kick Sauber,5589.814,2024-12-01 16:41:53.002,1,12.0,False,,False,True
5761.933,ZHO,24,85.928,26.0,1.0,,,32.051,28.911,24.966,5708.095,5737.006,5761.972,237.0,284.0,276.0,302.0,True,MEDIUM,26.0,True,Kick Sauber,5676.005,2024-12-01 16:43:19.193,1,12.0,False,,False,True
5847.845,ZHO,24,85.912,27.0,1.0,,,31.999,28.911,25.002,5793.971,5822.882,5847.884,236.0,284.0,276.0,,True,MEDIUM,27.0,True,Kick Sauber,5761.933,2024-12-01 16:44:45.121,1,12.0,False,,False,True
5933.761,ZHO,24,85.916,28.0,1.0,,,31.944,28.972,25.0,5879.828,5908.8,5933.8,,284.0,276.0,303.0,False,MEDIUM,28.0,True,Kick Sauber,5847.845,2024-12-01 16:46:11.033,1,11.0,False,,False,True
6019.74,ZHO,24,85.979,29.0,1.0,,,32.071,28.919,24.989,5965.871,5994.79,6019.779,234.0,284.0,276.0,298.0,False,MEDIUM,29.0,True,Kick Sauber,5933.761,2024-12-01 16:47:36.949,12,11.0,False,,False,True
6105.589,ZHO,24,85.849,30.0,1.0,,,31.982,28.948,24.919,6051.761,6080.709,6105.628,239.0,285.0,276.0,304.0,True,MEDIUM,30.0,True,Kick Sauber,6019.74,2024-12-01 16:49:02.928,1,11.0,False,,False,True
6191.488,ZHO,24,85.899,31.0,1.0,,,32.025,28.911,24.963,6137.653,6166.564,6191.527,236.0,285.0,277.0,301.0,False,MEDIUM,31.0,True,Kick Sauber,6105.589,2024-12-01 16:50:28.777,1,11.0,False,,False,True
6277.337,ZHO,24,85.849,32.0,1.0,,,31.916,28.906,25.027,6223.443,6252.349,6277.376,238.0,284.0,277.0,303.0,False,MEDIUM,32.0,True,Kick Sauber,6191.488,2024-12-01 16:51:54.676,1,11.0,False,,False,True
6362.996,ZHO,24,85.659,33.0,1.0,,,31.901,28.87,24.888,6309.277,6338.147,6363.035,237.0,285.0,276.0,,True,MEDIUM,33.0,True,Kick Sauber,6277.337,2024-12-01 16:53:20.525,1,11.0,False,,False,True
6448.933,ZHO,24,85.937,34.0,1.0,,,31.832,29.17,24.935,6394.867,6424.037,6448.972,,284.0,277.0,302.0,False,MEDIUM,34.0,True,Kick Sauber,6362.996,2024-12-01 16:54:46.184,1,10.0,False,,False,True
6564.825,ZHO,24,115.892,35.0,1.0,,6560.658,36.988,40.39,38.514,6485.96,6526.35,6564.864,202.0,182.0,,,False,MEDIUM,35.0,True,Kick Sauber,6448.933,2024-12-01 16:56:12.121,14,9.0,False,,False,False
6711.215,ZHO,24,146.39,36.0,2.0,6590.432,6706.695,66.142,39.001,41.247,6631.006,6670.007,6711.254,195.0,192.0,,169.0,False,HARD,1.0,False,Kick Sauber,6564.825,2024-12-01 16:58:08.013,4,10.0,False,,False,False
6840.879,ZHO,24,129.664,37.0,3.0,6729.972,6834.687,51.665,31.286,46.713,6762.919,6794.205,6840.918,227.0,272.0,,163.0,False,HARD,2.0,False,Kick Sauber,6711.215,2024-12-01 17:00:34.403,4,9.0,False,,False,False
6987.311,ZHO,24,146.432,38.0,4.0,6869.507,,61.872,42.262,42.298,6902.79,6945.052,6987.35,219.0,210.0,220.0,140.0,False,HARD,3.0,False,Kick Sauber,6840.879,2024-12-01 17:02:44.067,4,9.0,False,,False,False
7122.817,ZHO,24,135.506,39.0,4.0,,,48.588,41.459,45.459,7035.938,7077.397,7122.856,151.0,261.0,275.0,258.0,False,HARD,4.0,False,Kick Sauber,6987.311,2024-12-01 17:05:10.499,41,8.0,False,,False,False
7235.735,ZHO,24,112.918,40.0,4.0,,,33.866,35.705,43.347,7156.722,7192.427,7235.774,230.0,71.0,172.0,301.0,False,HARD,5.0,False,Kick Sauber,7122.817,2024-12-01 17:07:26.005,1264,9.0,False,,False,False
7368.138,ZHO,24,132.403,41.0,4.0,,,37.986,46.567,47.85,7273.76,7320.327,7368.177,213.0,177.0,222.0,257.0,False,HARD,6.0,False,Kick Sauber,7235.735,2024-12-01 17:09:18.923,4,9.0,False,,False,False
7508.121,ZHO,24,139.983,42.0,4.0,,,46.092,44.936,48.955,7414.269,7459.205,7508.16,194.0,233.0,278.0,260.0,False,HARD,7.0,False,Kick Sauber,7368.138,2024-12-01 17:11:31.326,41,9.0,False,,False,False
7596.132,ZHO,24,88.011,43.0,4.0,,,33.327,29.55,25.134,7541.487,7571.037,7596.171,236.0,286.0,279.0,301.0,False,HARD,8.0,False,Kick Sauber,7508.121,2024-12-01 17:13:51.309,1,9.0,False,,False,True
7682.431,ZHO,24,86.299,44.0,4.0,,,32.458,28.997,24.844,7628.629,7657.626,7682.47,,284.0,278.0,299.0,False,HARD,9.0,False,Kick Sauber,7596.132,2024-12-01 17:15:19.320,1,9.0,False,,False,True
7767.572,ZHO,24,85.141,45.0,4.0,,,31.832,28.547,24.762,7714.302,7742.849,7767.611,240.0,285.0,278.0,304.0,True,HARD,10.0,False,Kick Sauber,7682.431,2024-12-01 17:16:45.619,1,9.0,False,,False,True
7852.639,ZHO,24,85.067,46.0,4.0,,,31.614,28.571,24.882,7799.225,7827.796,7852.678,238.0,286.0,277.0,,True,HARD,11.0,False,Kick Sauber,7767.572,2024-12-01 17:18:10.760,1,8.0,False,,False,True
7937.575,ZHO,24,84.936,47.0,4.0,,,31.722,28.447,24.767,7884.4,7912.847,7937.614,,286.0,278.0,305.0,True,HARD,12.0,False,Kick Sauber,7852.639,2024-12-01 17:19:35.827,1,8.0,False,,False,True
8022.481,ZHO,24,84.906,48.0,4.0,,,31.647,28.406,24.853,7969.261,7997.667,8022.52,,285.0,277.0,300.0,True,HARD,13.0,False,Kick Sauber,7937.575,2024-12-01 17:21:00.763,1,8.0,False,,False,True
8107.148,ZHO,24,84.667,49.0,4.0,,,31.499,28.327,24.841,8054.019,8082.346,8107.187,240.0,286.0,277.0,301.0,True,HARD,14.0,False,Kick Sauber,8022.481,2024-12-01 17:22:25.669,1,8.0,False,,False,True
8191.576,ZHO,24,84.428,50.0,4.0,,,31.437,28.311,24.68,8138.624,8166.935,8191.615,239.0,286.0,278.0,298.0,True,HARD,15.0,False,Kick Sauber,8107.148,2024-12-01 17:23:50.336,1,8.0,False,,False,True
8276.001,ZHO,24,84.425,51.0,4.0,,,31.414,28.346,24.665,8223.029,8251.375,8276.04,,285.0,277.0,296.0,True,HARD,16.0,False,Kick Sauber,8191.576,2024-12-01 17:25:14.764,1,8.0,False,,False,True
8360.404,ZHO,24,84.403,52.0,4.0,,,31.385,28.358,24.66,8307.425,8335.783,8360.443,,286.0,278.0,299.0,True,HARD,17.0,False,Kick Sauber,8276.001,2024-12-01 17:26:39.189,1,8.0,False,,False,True
8444.698,ZHO,24,84.294,53.0,4.0,,,31.396,28.314,24.584,8391.839,8420.153,8444.737,240.0,286.0,278.0,296.0,True,HARD,18.0,False,Kick Sauber,8360.404,2024-12-01 17:28:03.592,1,8.0,False,,False,True
8528.937,ZHO,24,84.239,54.0,4.0,,,31.297,28.285,24.657,8476.034,8504.319,8528.976,242.0,286.0,278.0,301.0,True,HARD,19.0,False,Kick Sauber,8444.698,2024-12-01 17:29:27.886,1,8.0,False,,False,True
8612.975,ZHO,24,84.038,55.0,4.0,,,31.227,28.2,24.611,8560.203,8588.403,8613.014,243.0,286.0,277.0,302.0,True,HARD,20.0,False,Kick Sauber,8528.937,2024-12-01 17:30:52.125,1,8.0,False,,False,True
8696.953,ZHO,24,83.978,56.0,4.0,,,31.205,28.21,24.563,8644.219,8672.429,8696.992,,286.0,278.0,301.0,True,HARD,21.0,False,Kick Sauber,8612.975,2024-12-01 17:32:16.163,1,8.0,False,,False,True
8780.842,ZHO,24,83.889,57.0,4.0,,,31.204,28.217,24.468,8728.196,8756.413,8780.881,244.0,287.0,280.0,,True,HARD,22.0,False,Kick Sauber,8696.953,2024-12-01 17:33:40.141,1,8.0,False,,False,True
3455.43,HUL,27,165.271,1.0,1.0,,3451.321,,45.701,56.009,,3399.6,3455.536,132.0,142.0,,274.0,False,HARD,1.0,True,Haas F1 Team,3289.896,2024-12-01 16:03:33.084,124,18.0,False,,False,False
3582.502,HUL,27,127.072,2.0,2.0,3484.313,,66.748,31.654,28.67,3522.242,3553.896,3582.566,205.0,280.0,270.0,163.0,False,HARD,1.0,True,Haas F1 Team,3455.43,2024-12-01 16:06:18.618,4,18.0,False,,False,False
3714.141,HUL,27,131.639,3.0,2.0,,,37.621,42.994,51.024,3620.187,3663.181,3714.205,193.0,227.0,110.0,283.0,True,HARD,2.0,True,Haas F1 Team,3582.502,2024-12-01 16:08:25.690,4,18.0,False,,False,False
3840.221,HUL,27,126.08,4.0,2.0,,,40.426,38.518,47.136,3754.631,3793.149,3840.285,219.0,143.0,280.0,258.0,True,HARD,3.0,True,Haas F1 Team,3714.141,2024-12-01 16:10:37.329,41,18.0,False,,False,False
3931.778,HUL,27,91.557,5.0,2.0,,,33.581,30.913,27.063,3873.866,3904.779,3931.842,232.0,284.0,275.0,309.0,True,HARD,4.0,True,Haas F1 Team,3840.221,2024-12-01 16:12:43.409,12,16.0,False,,False,True
4022.46,HUL,27,90.682,6.0,2.0,,,33.505,30.461,26.716,3965.347,3995.808,4022.524,225.0,282.0,276.0,301.0,True,HARD,5.0,True,Haas F1 Team,3931.778,2024-12-01 16:14:14.966,1,16.0,False,,False,True
4111.112,HUL,27,88.652,7.0,2.0,,,32.643,29.827,26.182,4055.167,4084.994,4111.176,229.0,283.0,275.0,305.0,True,HARD,6.0,True,Haas F1 Team,4022.46,2024-12-01 16:15:45.648,1,16.0,False,,False,True
4199.53,HUL,27,88.418,8.0,2.0,,,32.502,29.712,26.204,4143.678,4173.39,4199.594,231.0,284.0,275.0,,True,HARD,7.0,True,Haas F1 Team,4111.112,2024-12-01 16:17:14.300,1,16.0,False,,False,True
4287.342,HUL,27,87.812,9.0,2.0,,,32.529,29.559,25.724,4232.123,4261.682,4287.406,230.0,284.0,277.0,,True,HARD,8.0,True,Haas F1 Team,4199.53,2024-12-01 16:18:42.718,1,16.0,False,,False,True
4375.628,HUL,27,88.286,10.0,2.0,,,32.533,29.763,25.99,4319.939,4349.702,4375.692,231.0,284.0,276.0,,False,HARD,9.0,True,Haas F1 Team,4287.342,2024-12-01 16:20:10.530,1,16.0,False,,False,True
4463.659,HUL,27,88.031,11.0,2.0,,,32.582,29.596,25.853,4408.274,4437.87,4463.723,233.0,286.0,276.0,307.0,False,HARD,10.0,True,Haas F1 Team,4375.628,2024-12-01 16:21:38.816,1,16.0,False,,False,True
4551.888,HUL,27,88.229,12.0,2.0,,,32.846,29.583,25.8,4496.569,4526.152,4551.952,229.0,285.0,276.0,305.0,False,HARD,11.0,True,Haas F1 Team,4463.659,2024-12-01 16:23:06.847,1,16.0,False,,False,True
4639.796,HUL,27,87.908,13.0,2.0,,,32.614,29.596,25.698,4584.566,4614.162,4639.86,231.0,284.0,275.0,,False,HARD,12.0,True,Haas F1 Team,4551.888,2024-12-01 16:24:35.076,1,16.0,False,,False,True
4727.238,HUL,27,87.442,14.0,2.0,,,32.342,29.422,25.678,4672.202,4701.624,4727.302,234.0,285.0,276.0,308.0,True,HARD,13.0,True,Haas F1 Team,4639.796,2024-12-01 16:26:02.984,1,16.0,False,,False,True
4814.47,HUL,27,87.232,15.0,2.0,,,32.499,29.349,25.384,4759.801,4789.15,4814.534,231.0,285.0,276.0,303.0,True,HARD,14.0,True,Haas F1 Team,4727.238,2024-12-01 16:27:30.426,1,16.0,False,,False,True
4901.367,HUL,27,86.897,16.0,2.0,,,32.179,29.349,25.369,4846.713,4876.062,4901.431,236.0,286.0,277.0,308.0,True,HARD,15.0,True,Haas F1 Team,4814.47,2024-12-01 16:28:57.658,1,16.0,False,,False,True
4988.848,HUL,27,87.481,17.0,2.0,,,32.462,29.582,25.437,4933.893,4963.475,4988.912,229.0,286.0,277.0,305.0,False,HARD,16.0,True,Haas F1 Team,4901.367,2024-12-01 16:30:24.555,1,16.0,False,,False,True
5076.656,HUL,27,87.808,18.0,2.0,,,32.427,29.662,25.719,5021.339,5051.001,5076.72,235.0,286.0,277.0,307.0,False,HARD,17.0,True,Haas F1 Team,4988.848,2024-12-01 16:31:52.036,1,16.0,False,,False,True
5163.883,HUL,27,87.227,19.0,2.0,,,32.315,29.352,25.56,5109.035,5138.387,5163.947,234.0,287.0,277.0,306.0,False,HARD,18.0,True,Haas F1 Team,5076.656,2024-12-01 16:33:19.844,1,16.0,False,,False,True
5251.12,HUL,27,87.237,20.0,2.0,,,32.303,29.409,25.525,5196.25,5225.659,5251.184,237.0,287.0,276.0,309.0,False,HARD,19.0,True,Haas F1 Team,5163.883,2024-12-01 16:34:47.071,1,16.0,False,,False,True
5338.447,HUL,27,87.327,21.0,2.0,,,32.394,29.443,25.49,5283.578,5313.021,5338.511,235.0,288.0,278.0,305.0,False,HARD,20.0,True,Haas F1 Team,5251.12,2024-12-01 16:36:14.308,1,16.0,False,,False,True
5425.661,HUL,27,87.214,22.0,2.0,,,32.172,29.483,25.559,5370.683,5400.166,5425.725,237.0,288.0,278.0,310.0,False,HARD,21.0,True,Haas F1 Team,5338.447,2024-12-01 16:37:41.635,1,16.0,False,,False,True
5512.961,HUL,27,87.3,23.0,2.0,,,32.384,29.348,25.568,5458.109,5487.457,5513.025,233.0,287.0,277.0,307.0,False,HARD,22.0,True,Haas F1 Team,5425.661,2024-12-01 16:39:08.849,1,16.0,False,,False,True
5599.982,HUL,27,87.021,24.0,2.0,,,32.184,29.449,25.388,5545.209,5574.658,5600.046,237.0,287.0,278.0,310.0,False,HARD,23.0,True,Haas F1 Team,5512.961,2024-12-01 16:40:36.149,1,16.0,False,,False,True
5686.629,HUL,27,86.647,25.0,2.0,,,32.153,29.234,25.26,5632.199,5661.433,5686.693,235.0,287.0,278.0,306.0,True,HARD,24.0,True,Haas F1 Team,5599.982,2024-12-01 16:42:03.170,1,15.0,False,,False,True
5773.197,HUL,27,86.568,26.0,2.0,,,32.119,29.23,25.219,5718.812,5748.042,5773.261,,289.0,278.0,311.0,True,HARD,25.0,True,Haas F1 Team,5686.629,2024-12-01 16:43:29.817,1,15.0,False,,False,True
5859.934,HUL,27,86.737,27.0,2.0,,,32.149,29.316,25.272,5805.41,5834.726,5859.998,234.0,288.0,278.0,309.0,False,HARD,26.0,True,Haas F1 Team,5773.197,2024-12-01 16:44:56.385,1,15.0,False,,False,True
5946.169,HUL,27,86.235,28.0,2.0,,,31.938,29.04,25.257,5891.936,5920.976,5946.233,239.0,288.0,280.0,312.0,True,HARD,27.0,True,Haas F1 Team,5859.934,2024-12-01 16:46:23.122,1,14.0,False,,False,True
6032.503,HUL,27,86.334,29.0,2.0,,,31.932,29.268,25.134,5978.165,6007.433,6032.567,235.0,289.0,280.0,327.0,False,HARD,28.0,True,Haas F1 Team,5946.169,2024-12-01 16:47:49.357,12,14.0,False,,False,True
6119.098,HUL,27,86.595,30.0,2.0,,,32.097,29.346,25.152,6064.664,6094.01,6119.162,234.0,289.0,281.0,328.0,False,HARD,29.0,True,Haas F1 Team,6032.503,2024-12-01 16:49:15.691,1,14.0,False,,False,True
6209.865,HUL,27,90.767,31.0,2.0,,6205.808,31.925,29.309,29.533,6151.087,6180.396,6209.929,,289.0,,,False,HARD,30.0,True,Haas F1 Team,6119.098,2024-12-01 16:50:42.286,1,15.0,False,,False,False
6316.706,HUL,27,106.841,32.0,3.0,6234.15,,53.481,28.362,24.998,6263.41,6291.772,6316.77,235.0,285.0,277.0,186.0,False,MEDIUM,1.0,True,Haas F1 Team,6209.865,2024-12-01 16:52:13.053,1,16.0,False,,False,False
6402.473,HUL,27,85.767,33.0,3.0,,,32.106,28.536,25.125,6348.876,6377.412,6402.537,,286.0,278.0,304.0,True,MEDIUM,2.0,True,Haas F1 Team,6316.706,2024-12-01 16:53:59.894,1,16.0,False,,False,True
6497.162,HUL,27,94.689,34.0,3.0,,,31.782,28.736,34.171,6434.319,6463.055,6497.226,,286.0,213.0,303.0,False,MEDIUM,3.0,True,Haas F1 Team,6402.473,2024-12-01 16:55:25.661,14,16.0,False,,False,False
6615.951,HUL,27,118.789,35.0,3.0,,,43.62,40.474,34.695,6540.846,6581.32,6616.015,161.0,207.0,250.0,225.0,False,MEDIUM,4.0,True,Haas F1 Team,6497.162,2024-12-01 16:57:00.350,4,15.0,False,,False,False
6732.086,HUL,27,116.135,36.0,3.0,,6727.597,37.49,42.059,36.586,6653.505,6695.564,6732.15,171.0,277.0,,293.0,False,MEDIUM,5.0,True,Haas F1 Team,6615.951,2024-12-01 16:58:59.139,4,14.0,False,,False,False
6851.713,HUL,27,119.627,37.0,4.0,6751.352,6845.578,50.074,31.828,37.725,6782.224,6814.052,6851.777,229.0,285.0,,173.0,False,MEDIUM,6.0,False,Haas F1 Team,6732.086,2024-12-01 17:00:55.274,4,14.0,False,,False,False
6996.685,HUL,27,144.972,38.0,5.0,6883.295,,62.078,39.474,43.42,6913.855,6953.329,6996.749,232.0,214.0,239.0,177.0,False,MEDIUM,7.0,False,Haas F1 Team,6851.713,2024-12-01 17:02:54.901,4,14.0,False,,False,False
7124.667,HUL,27,127.982,39.0,5.0,,,44.33,43.88,39.772,7041.079,7084.959,7124.731,81.0,236.0,280.0,298.0,False,MEDIUM,8.0,False,Haas F1 Team,6996.685,2024-12-01 17:05:19.873,41,13.0,False,,False,False
7181.813,HUL,27,,40.0,5.0,,,,,,,,,,,,,,MEDIUM,9.0,False,Haas F1 Team,7124.667,,126,,False,,True,False
3423.49,LAW,30,133.331,1.0,1.0,,,,51.884,42.056,,3381.561,3423.639,219.0,158.0,112.0,271.0,False,MEDIUM,1.0,True,RB,3289.896,2024-12-01 16:03:33.084,124,14.0,False,,False,False
3568.787,LAW,30,145.297,2.0,1.0,,,52.159,46.253,46.885,3475.699,3521.952,3568.837,201.0,224.0,200.0,241.0,True,MEDIUM,2.0,True,RB,3423.49,2024-12-01 16:05:46.678,4,14.0,False,,False,False
3707.183,LAW,30,138.396,3.0,1.0,,,46.035,43.084,49.277,3614.872,3657.956,3707.233,87.0,238.0,181.0,239.0,True,MEDIUM,3.0,True,RB,3568.787,2024-12-01 16:08:11.975,4,14.0,False,,False,False
3838.033,LAW,30,130.85,4.0,1.0,,,40.258,40.332,50.26,3747.491,3787.823,3838.083,88.0,204.0,283.0,256.0,True,MEDIUM,4.0,True,RB,3707.183,2024-12-01 16:10:30.371,41,14.0,False,,False,False
3935.383,LAW,30,97.35,5.0,1.0,,,41.409,30.011,25.93,3879.492,3909.503,3935.433,229.0,280.0,275.0,303.0,True,MEDIUM,5.0,True,RB,3838.033,2024-12-01 16:12:41.221,12,18.0,False,,False,True
4024.931,LAW,30,89.548,6.0,1.0,,,32.871,30.222,26.455,3968.304,3998.526,4024.981,231.0,280.0,278.0,,True,MEDIUM,6.0,True,RB,3935.383,2024-12-01 16:14:18.571,1,18.0,False,,False,True
4113.096,LAW,30,88.165,7.0,1.0,,,32.572,29.855,25.738,4057.553,4087.408,4113.146,230.0,277.0,273.0,328.0,True,MEDIUM,7.0,True,RB,4024.931,2024-12-01 16:15:48.119,1,17.0,False,,False,True
4201.255,LAW,30,88.159,8.0,1.0,,,32.805,29.73,25.624,4145.951,4175.681,4201.305,229.0,278.0,274.0,304.0,True,MEDIUM,8.0,True,RB,4113.096,2024-12-01 16:17:16.284,1,17.0,False,,False,True
4288.915,LAW,30,87.66,9.0,1.0,,,32.56,29.537,25.563,4233.865,4263.402,4288.965,232.0,281.0,275.0,,True,MEDIUM,9.0,True,RB,4201.255,2024-12-01 16:18:44.443,1,17.0,False,,False,True
4377.124,LAW,30,88.209,10.0,1.0,,,32.954,29.705,25.55,4321.919,4351.624,4377.174,230.0,278.0,275.0,306.0,False,MEDIUM,10.0,True,RB,4288.915,2024-12-01 16:20:12.103,1,17.0,False,,False,True
4465.161,LAW,30,88.037,11.0,1.0,,,32.773,29.68,25.584,4409.947,4439.627,4465.211,231.0,281.0,275.0,,False,MEDIUM,11.0,True,RB,4377.124,2024-12-01 16:21:40.312,1,17.0,False,,False,True
4553.271,LAW,30,88.11,12.0,1.0,,,32.697,29.903,25.51,4497.908,4527.811,4553.321,230.0,280.0,276.0,,False,MEDIUM,12.0,True,RB,4465.161,2024-12-01 16:23:08.349,1,17.0,False,,False,True
4641.546,LAW,30,88.275,13.0,1.0,,,32.963,29.714,25.598,4586.284,4615.998,4641.596,,279.0,274.0,,False,MEDIUM,13.0,True,RB,4553.271,2024-12-01 16:24:36.459,1,17.0,False,,False,True
4729.249,LAW,30,87.703,14.0,1.0,,,32.774,29.518,25.411,4674.37,4703.888,4729.299,232.0,279.0,274.0,305.0,False,MEDIUM,14.0,True,RB,4641.546,2024-12-01 16:26:04.734,1,17.0,False,,False,True
4816.941,LAW,30,87.692,15.0,1.0,,,32.924,29.44,25.328,4762.223,4791.663,4816.991,,280.0,275.0,304.0,False,MEDIUM,15.0,True,RB,4729.249,2024-12-01 16:27:32.437,1,17.0,False,,False,True
4904.455,LAW,30,87.514,16.0,1.0,,,32.646,29.544,25.324,4849.637,4879.181,4904.505,231.0,280.0,274.0,303.0,True,MEDIUM,16.0,True,RB,4816.941,2024-12-01 16:29:00.129,1,17.0,False,,False,True
4991.866,LAW,30,87.411,17.0,1.0,,,32.509,29.549,25.353,4937.014,4966.563,4991.916,232.0,280.0,274.0,,True,MEDIUM,17.0,True,RB,4904.455,2024-12-01 16:30:27.643,1,17.0,False,,False,True
5079.228,LAW,30,87.362,18.0,1.0,,,32.616,29.493,25.253,5024.532,5054.025,5079.278,,280.0,275.0,,True,MEDIUM,18.0,True,RB,4991.866,2024-12-01 16:31:55.054,1,17.0,False,,False,True
5166.516,LAW,30,87.288,19.0,1.0,,,32.561,29.469,25.258,5111.839,5141.308,5166.566,231.0,281.0,275.0,304.0,True,MEDIUM,19.0,True,RB,5079.228,2024-12-01 16:33:22.416,1,17.0,False,,False,True
5253.627,LAW,30,87.111,20.0,1.0,,,32.526,29.382,25.203,5199.092,5228.474,5253.677,233.0,281.0,275.0,303.0,True,MEDIUM,20.0,True,RB,5166.516,2024-12-01 16:34:49.704,1,17.0,False,,False,True
5340.77,LAW,30,87.143,21.0,1.0,,,32.538,29.302,25.303,5286.215,5315.517,5340.82,,282.0,274.0,,False,MEDIUM,21.0,True,RB,5253.627,2024-12-01 16:36:16.815,1,17.0,False,,False,True
5427.877,LAW,30,87.107,22.0,1.0,,,32.501,29.32,25.286,5373.321,5402.641,5427.927,235.0,281.0,275.0,,True,MEDIUM,22.0,True,RB,5340.77,2024-12-01 16:37:43.958,1,17.0,False,,False,True
5514.763,LAW,30,86.886,23.0,1.0,,,32.441,29.254,25.191,5460.368,5489.622,5514.813,232.0,282.0,276.0,304.0,True,MEDIUM,23.0,True,RB,5427.877,2024-12-01 16:39:11.065,1,17.0,False,,False,True
5601.782,LAW,30,87.019,24.0,1.0,,,32.402,29.347,25.27,5547.215,5576.562,5601.832,234.0,282.0,275.0,305.0,False,MEDIUM,24.0,True,RB,5514.763,2024-12-01 16:40:37.951,1,17.0,False,,False,True
5688.827,LAW,30,87.045,25.0,1.0,,,32.486,29.31,25.249,5634.318,5663.628,5688.877,235.0,282.0,274.0,304.0,False,MEDIUM,25.0,True,RB,5601.782,2024-12-01 16:42:04.970,1,16.0,False,,False,True
5775.742,LAW,30,86.915,26.0,1.0,,,32.454,29.289,25.172,5721.331,5750.62,5775.792,233.0,281.0,275.0,,False,MEDIUM,26.0,True,RB,5688.827,2024-12-01 16:43:32.015,1,16.0,False,,False,True
5862.302,LAW,30,86.56,27.0,1.0,,,32.247,29.162,25.151,5808.039,5837.201,5862.352,,282.0,276.0,,True,MEDIUM,27.0,True,RB,5775.742,2024-12-01 16:44:58.930,1,16.0,False,,False,True
5948.835,LAW,30,86.533,28.0,1.0,,,32.184,29.167,25.182,5894.536,5923.703,5948.885,234.0,282.0,274.0,,True,MEDIUM,28.0,True,RB,5862.302,2024-12-01 16:46:25.490,1,15.0,False,,False,True
6035.281,LAW,30,86.446,29.0,1.0,,,32.275,29.081,25.09,5981.16,6010.241,6035.331,237.0,282.0,274.0,,True,MEDIUM,29.0,True,RB,5948.835,2024-12-01 16:47:52.023,12,15.0,False,,False,True
6121.923,LAW,30,86.642,30.0,1.0,,,32.288,29.243,25.111,6067.619,6096.862,6121.973,234.0,281.0,275.0,,False,MEDIUM,30.0,True,RB,6035.281,2024-12-01 16:49:18.469,1,15.0,False,,False,True
6208.165,LAW,30,86.242,31.0,1.0,,,32.084,29.079,25.079,6154.057,6183.136,6208.215,236.0,282.0,275.0,,True,MEDIUM,31.0,True,RB,6121.923,2024-12-01 16:50:45.111,1,14.0,False,,False,True
6294.429,LAW,30,86.264,32.0,1.0,,,32.071,29.171,25.022,6240.286,6269.457,6294.479,234.0,282.0,275.0,302.0,False,MEDIUM,32.0,True,RB,6208.165,2024-12-01 16:52:11.353,1,14.0,False,,False,True
6380.648,LAW,30,86.219,33.0,1.0,,,32.218,29.019,24.982,6326.697,6355.716,6380.698,237.0,282.0,275.0,,True,MEDIUM,33.0,True,RB,6294.429,2024-12-01 16:53:37.617,1,14.0,False,,False,True
6466.842,LAW,30,86.194,34.0,1.0,,,32.022,29.068,25.104,6412.72,6441.788,6466.892,235.0,283.0,276.0,303.0,True,MEDIUM,34.0,True,RB,6380.648,2024-12-01 16:55:03.836,1,13.0,False,,False,True
6590.047,LAW,30,123.205,35.0,1.0,,6585.964,46.075,38.762,38.368,6512.967,6551.729,6590.097,207.0,186.0,,125.0,False,MEDIUM,35.0,True,RB,6466.842,2024-12-01 16:56:30.030,14,14.0,False,,False,False
6749.478,LAW,30,,36.0,2.0,6631.009,6745.437,81.564,39.554,38.318,6671.684,6711.323,6749.704,207.0,201.0,,161.0,False,HARD,1.0,True,RB,6590.047,2024-12-01 16:58:33.235,4,15.0,False,,False,False
6865.217,LAW,30,115.739,37.0,3.0,6768.202,6861.128,52.658,31.361,31.72,6802.186,6833.547,6865.267,223.0,249.0,,154.0,False,HARD,2.0,False,RB,6749.478,2024-12-01 17:01:12.666,4,15.0,False,,False,False
6999.514,LAW,30,134.297,38.0,4.0,6887.925,,55.613,34.698,43.986,6920.88,6955.578,6999.564,231.0,221.0,214.0,135.0,False,HARD,3.0,False,RB,6865.217,2024-12-01 17:03:08.405,4,15.0,False,,False,False
7125.217,LAW,30,125.703,39.0,4.0,,,42.831,44.225,38.647,7042.395,7086.62,7125.267,126.0,232.0,277.0,263.0,False,HARD,4.0,False,RB,6999.514,2024-12-01 17:05:22.702,41,14.0,False,,False,False
7245.864,LAW,30,120.647,40.0,4.0,,7241.796,34.24,40.235,46.172,7159.507,7199.742,7245.914,237.0,124.0,,310.0,False,HARD,5.0,False,RB,7125.217,2024-12-01 17:07:28.405,1264,15.0,False,,False,False
7381.781,LAW,30,135.917,41.0,5.0,7276.509,,64.095,31.536,40.286,7310.009,7341.545,7381.831,228.0,245.0,212.0,160.0,False,SOFT,1.0,True,RB,7245.864,2024-12-01 17:09:29.052,4,15.0,False,,False,False
7510.54,LAW,30,128.759,42.0,5.0,,,42.427,42.278,44.054,7424.258,7466.536,7510.59,226.0,195.0,278.0,260.0,False,SOFT,2.0,True,RB,7381.781,2024-12-01 17:11:44.969,41,15.0,False,,False,False
7599.61,LAW,30,89.07,43.0,5.0,,,33.678,30.008,25.384,7544.268,7574.276,7599.66,234.0,288.0,279.0,306.0,False,SOFT,3.0,True,RB,7510.54,2024-12-01 17:13:53.728,1,15.0,True,TRACK LIMITS AT TURN 6 LAP 43 ,False,True
7687.21,LAW,30,87.6,44.0,5.0,,,33.126,29.255,25.219,7632.786,7662.041,7687.26,229.0,284.0,279.0,305.0,False,SOFT,4.0,True,RB,7599.61,2024-12-01 17:15:22.798,1,15.0,False,,False,True
7773.417,LAW,30,86.207,45.0,5.0,,,32.096,29.144,24.967,7719.356,7748.5,7773.467,233.0,285.0,280.0,326.0,False,SOFT,5.0,True,RB,7687.21,2024-12-01 17:16:50.398,1,15.0,False,,False,True
7859.493,LAW,30,86.076,46.0,5.0,,,31.999,29.18,24.897,7805.466,7834.646,7859.543,235.0,285.0,282.0,327.0,True,SOFT,6.0,True,RB,7773.417,2024-12-01 17:18:16.605,1,14.0,False,,False,True
7945.917,LAW,30,86.424,47.0,5.0,,,32.211,29.244,24.969,7891.754,7920.998,7945.967,233.0,285.0,279.0,331.0,False,SOFT,7.0,True,RB,7859.493,2024-12-01 17:19:42.681,1,13.0,False,,False,True
8032.286,LAW,30,86.369,48.0,5.0,,,32.253,29.162,24.954,7978.22,8007.382,8032.336,232.0,285.0,279.0,326.0,False,SOFT,8.0,True,RB,7945.917,2024-12-01 17:21:09.105,1,13.0,False,,False,True
8119.039,LAW,30,86.753,49.0,5.0,,,32.391,29.27,25.092,8064.727,8093.997,8119.089,,284.0,277.0,325.0,False,SOFT,9.0,True,RB,8032.286,2024-12-01 17:22:35.474,1,13.0,False,,False,True
8206.676,LAW,30,87.637,50.0,5.0,,,32.82,29.545,25.272,8151.909,8181.454,8206.726,231.0,285.0,275.0,304.0,False,SOFT,10.0,True,RB,8119.039,2024-12-01 17:24:02.227,1,13.0,False,,False,True
8294.921,LAW,30,88.245,51.0,5.0,,,33.429,29.504,25.312,8240.155,8269.659,8294.971,229.0,283.0,275.0,303.0,False,SOFT,11.0,True,RB,8206.676,2024-12-01 17:25:29.864,1,14.0,True,TRACK LIMITS AT TURN 16 LAP 51 ,False,True
8382.533,LAW,30,87.612,52.0,5.0,,,33.05,29.374,25.188,8328.021,8357.395,8382.583,232.0,284.0,275.0,304.0,False,SOFT,12.0,True,RB,8294.921,2024-12-01 17:26:58.109,1,14.0,True,TRACK LIMITS AT TURN 16 (NEXT LAP),False,True
8470.054,LAW,30,87.521,53.0,5.0,,,33.036,29.22,25.265,8415.619,8444.839,8470.104,231.0,284.0,275.0,302.0,False,SOFT,13.0,True,RB,8382.533,2024-12-01 17:28:25.721,1,14.0,False,,False,True
8557.744,LAW,30,87.69,54.0,5.0,,,33.136,29.133,25.421,8503.24,8532.373,8557.794,229.0,285.0,275.0,,False,SOFT,14.0,True,RB,8470.054,2024-12-01 17:29:53.242,1,14.0,False,,False,True
8645.284,LAW,30,87.54,55.0,5.0,,,33.126,29.318,25.096,8590.92,8620.238,8645.334,231.0,284.0,276.0,301.0,False,SOFT,15.0,True,RB,8557.744,2024-12-01 17:31:20.932,1,15.0,False,,False,True
8731.611,LAW,30,86.327,56.0,5.0,,,32.36,29.016,24.951,8677.694,8706.71,8731.661,233.0,284.0,277.0,303.0,False,SOFT,16.0,True,RB,8645.284,2024-12-01 17:32:48.472,1,14.0,False,,False,True
8818.133,LAW,30,86.522,57.0,5.0,,,32.343,29.107,25.072,8764.004,8793.111,8818.183,236.0,285.0,275.0,301.0,False,SOFT,17.0,True,RB,8731.611,2024-12-01 17:34:14.799,1,14.0,False,,False,True
3401.503,OCO,31,,1.0,1.0,,,,,,,,,,,,,False,MEDIUM,1.0,True,Alpine,3289.896,2024-12-01 16:03:33.084,124,,False,,True,False
3403.794,NOR,4,113.635,1.0,1.0,,,,31.553,46.998,,3357.018,3403.904,226.0,110.0,202.0,243.0,False,MEDIUM,1.0,True,McLaren,3289.896,2024-12-01 16:03:33.084,124,2.0,False,,False,False
3545.074,NOR,4,141.28,2.0,1.0,,,55.171,43.196,42.913,3459.075,3502.271,3545.184,176.0,253.0,239.0,176.0,True,MEDIUM,2.0,True,McLaren,3403.794,2024-12-01 16:05:26.982,4,2.0,False,,False,False
3682.696,NOR,4,137.622,3.0,1.0,,,50.544,42.564,44.514,3595.728,3638.292,3682.806,211.0,234.0,229.0,158.0,True,MEDIUM,3.0,True,McLaren,3545.074,2024-12-01 16:07:48.262,4,2.0,False,,False,False
3833.687,NOR,4,,4.0,1.0,,,46.019,42.875,62.142,3728.84,3771.775,3833.869,200.0,249.0,274.0,280.0,False,MEDIUM,4.0,True,McLaren,3682.696,2024-12-01 16:10:05.884,41,2.0,False,,False,False
3920.862,NOR,4,87.175,5.0,1.0,,,32.606,29.194,25.375,3866.403,3895.597,3920.972,235.0,283.0,275.0,299.0,True,MEDIUM,5.0,True,McLaren,3833.687,2024-12-01 16:12:36.875,12,2.0,False,,False,True
4007.545,NOR,4,86.683,6.0,1.0,,,32.328,29.196,25.159,3953.3,3982.496,4007.655,234.0,284.0,275.0,301.0,True,MEDIUM,6.0,True,McLaren,3920.862,2024-12-01 16:14:04.050,1,2.0,False,,False,True
4094.045,NOR,4,86.5,7.0,1.0,,,32.222,29.139,25.139,4039.877,4069.016,4094.155,232.0,284.0,276.0,,True,MEDIUM,7.0,True,McLaren,4007.545,2024-12-01 16:15:30.733,1,2.0,False,,False,True
4180.713,NOR,4,86.668,8.0,1.0,,,32.481,29.203,24.984,4126.636,4155.839,4180.823,229.0,284.0,275.0,,False,MEDIUM,8.0,True,McLaren,4094.045,2024-12-01 16:16:57.233,1,2.0,False,,False,True
4267.057,NOR,4,86.344,9.0,1.0,,,32.214,29.119,25.011,4213.037,4242.156,4267.167,232.0,285.0,275.0,300.0,True,MEDIUM,9.0,True,McLaren,4180.713,2024-12-01 16:18:23.901,1,2.0,False,,False,True
4353.029,NOR,4,85.972,10.0,1.0,,,32.027,29.102,24.843,4299.194,4328.296,4353.139,234.0,284.0,275.0,302.0,True,MEDIUM,10.0,True,McLaren,4267.057,2024-12-01 16:19:50.245,1,2.0,False,,False,True
4439.014,NOR,4,85.985,11.0,1.0,,,32.054,29.043,24.888,4385.193,4414.236,4439.124,,285.0,275.0,,False,MEDIUM,11.0,True,McLaren,4353.029,2024-12-01 16:21:16.217,1,2.0,False,,False,True
4524.827,NOR,4,85.813,12.0,1.0,,,31.955,29.104,24.754,4471.079,4500.183,4524.937,236.0,284.0,276.0,,True,MEDIUM,12.0,True,McLaren,4439.014,2024-12-01 16:22:42.202,1,2.0,False,,False,True
4610.621,NOR,4,85.794,13.0,1.0,,,32.005,29.005,24.784,4556.942,4585.947,4610.731,235.0,285.0,275.0,,True,MEDIUM,13.0,True,McLaren,4524.827,2024-12-01 16:24:08.015,1,2.0,False,,False,True
4696.545,NOR,4,85.924,14.0,1.0,,,32.036,29.092,24.796,4642.767,4671.859,4696.655,233.0,285.0,276.0,303.0,False,MEDIUM,14.0,True,McLaren,4610.621,2024-12-01 16:25:33.809,1,2.0,False,,False,True
4782.08,NOR,4,85.535,15.0,1.0,,,31.909,28.989,24.637,4728.564,4757.553,4782.19,234.0,285.0,277.0,,True,MEDIUM,15.0,True,McLaren,4696.545,2024-12-01 16:26:59.733,1,2.0,False,,False,True
4867.588,NOR,4,85.508,16.0,1.0,,,31.863,28.986,24.659,4814.053,4843.039,4867.698,232.0,284.0,276.0,,True,MEDIUM,16.0,True,McLaren,4782.08,2024-12-01 16:28:25.268,1,2.0,False,,False,True
4952.978,NOR,4,85.39,17.0,1.0,,,31.821,28.938,24.631,4899.519,4928.457,4953.088,231.0,285.0,277.0,,True,MEDIUM,17.0,True,McLaren,4867.588,2024-12-01 16:29:50.776,1,2.0,False,,False,True
5038.231,NOR,4,85.253,18.0,1.0,,,31.834,28.832,24.587,4984.922,5013.754,5038.341,235.0,285.0,277.0,304.0,True,MEDIUM,18.0,True,McLaren,4952.978,2024-12-01 16:31:16.166,1,2.0,False,,False,True
5123.507,NOR,4,85.276,19.0,1.0,,,31.838,28.909,24.529,5070.179,5099.088,5123.617,233.0,285.0,277.0,303.0,False,MEDIUM,19.0,True,McLaren,5038.231,2024-12-01 16:32:41.419,1,2.0,False,,False,True
5208.524,NOR,4,85.017,20.0,1.0,,,31.692,28.834,24.491,5155.309,5184.143,5208.634,235.0,285.0,277.0,,True,MEDIUM,20.0,True,McLaren,5123.507,2024-12-01 16:34:06.695,1,2.0,False,,False,True
5293.521,NOR,4,84.997,21.0,1.0,,,31.658,28.847,24.492,5240.292,5269.139,5293.631,234.0,285.0,277.0,,True,MEDIUM,21.0,True,McLaren,5208.524,2024-12-01 16:35:31.712,1,2.0,False,,False,True
5378.386,NOR,4,84.865,22.0,1.0,,,31.62,28.839,24.406,5325.251,5354.09,5378.496,236.0,285.0,277.0,304.0,True,MEDIUM,22.0,True,McLaren,5293.521,2024-12-01 16:36:56.709,1,2.0,False,,False,True
5463.363,NOR,4,84.977,23.0,1.0,,,31.606,28.925,24.446,5410.102,5439.027,5463.473,,285.0,277.0,,False,MEDIUM,23.0,True,McLaren,5378.386,2024-12-01 16:38:21.574,1,2.0,False,,False,True
5548.033,NOR,4,84.67,24.0,1.0,,,31.585,28.692,24.393,5495.058,5523.75,5548.143,,286.0,277.0,,True,MEDIUM,24.0,True,McLaren,5463.363,2024-12-01 16:39:46.551,1,2.0,False,,False,True
5632.754,NOR,4,84.721,25.0,1.0,,,31.64,28.745,24.336,5579.783,5608.528,5632.864,235.0,286.0,278.0,,False,MEDIUM,25.0,True,McLaren,5548.033,2024-12-01 16:41:11.221,1,2.0,False,,False,True
5717.291,NOR,4,84.537,26.0,1.0,,,31.558,28.677,24.302,5664.422,5693.099,5717.401,238.0,286.0,278.0,305.0,True,MEDIUM,26.0,True,McLaren,5632.754,2024-12-01 16:42:35.942,1,2.0,False,,False,True
5802.152,NOR,4,84.861,27.0,1.0,,,31.626,28.798,24.437,5749.027,5777.825,5802.262,233.0,286.0,277.0,306.0,False,MEDIUM,27.0,True,McLaren,5717.291,2024-12-01 16:44:00.479,1,2.0,False,,False,True
5886.903,NOR,4,84.751,28.0,1.0,,,31.576,28.672,24.503,5833.838,5862.51,5887.013,237.0,286.0,277.0,,False,MEDIUM,28.0,True,McLaren,5802.152,2024-12-01 16:45:25.340,1,2.0,False,,False,True
5971.818,NOR,4,84.915,29.0,1.0,,,31.604,28.754,24.557,5918.617,5947.371,5971.928,238.0,285.0,279.0,,False,MEDIUM,29.0,True,McLaren,5886.903,2024-12-01 16:46:50.091,1,2.0,False,,False,True
6056.374,NOR,4,84.556,30.0,1.0,,,31.432,28.743,24.381,6003.36,6032.103,6056.484,236.0,286.0,279.0,323.0,False,MEDIUM,30.0,True,McLaren,5971.818,2024-12-01 16:48:15.006,12,2.0,False,,False,True
6141.168,NOR,4,84.794,31.0,1.0,,,31.621,28.731,24.442,6088.105,6116.836,6141.278,,286.0,278.0,306.0,False,MEDIUM,31.0,True,McLaren,6056.374,2024-12-01 16:49:39.562,1,2.0,False,,False,True
6225.818,NOR,4,84.65,32.0,1.0,,,31.481,28.725,24.444,6172.759,6201.484,6225.928,237.0,285.0,277.0,,False,MEDIUM,32.0,True,McLaren,6141.168,2024-12-01 16:51:04.356,1,2.0,False,,False,True
6310.778,NOR,4,84.96,33.0,1.0,,,31.761,28.812,24.387,6257.689,6286.501,6310.888,233.0,286.0,278.0,,False,MEDIUM,33.0,True,McLaren,6225.818,2024-12-01 16:52:29.006,1,2.0,False,,False,True
6395.34,NOR,4,84.562,34.0,1.0,,,31.516,28.655,24.391,6342.404,6371.059,6395.45,237.0,286.0,277.0,304.0,False,MEDIUM,34.0,True,McLaren,6310.778,2024-12-01 16:53:53.966,1,2.0,False,,False,True
6488.994,NOR,4,93.654,35.0,1.0,,6484.951,31.427,28.729,33.498,6426.877,6455.606,6489.104,,286.0,,,False,MEDIUM,35.0,True,McLaren,6395.34,2024-12-01 16:55:18.528,14,2.0,False,,False,False
6659.433,NOR,4,,36.0,2.0,6513.018,6654.535,65.395,51.669,53.365,6554.664,6606.178,6659.635,225.0,233.0,,180.0,False,HARD,1.0,True,McLaren,6488.994,2024-12-01 16:56:52.182,4,2.0,False,,False,False
6826.683,NOR,4,,37.0,3.0,6680.116,6821.289,71.133,44.823,51.334,6730.759,6775.609,6827.016,182.0,112.0,,122.0,False,HARD,2.0,False,McLaren,6659.433,2024-12-01 16:59:42.621,4,2.0,False,,False,False
6975.845,NOR,4,149.162,38.0,4.0,6850.143,,62.291,44.015,42.856,6889.084,6933.099,6975.955,191.0,197.0,243.0,168.0,False,HARD,3.0,False,McLaren,6826.683,2024-12-01 17:02:29.871,4,2.0,False,,False,False
7120.292,NOR,4,144.447,39.0,4.0,,,50.969,42.157,51.321,7026.924,7069.081,7120.402,208.0,258.0,278.0,120.0,False,HARD,4.0,False,McLaren,6975.845,2024-12-01 17:04:59.033,41,2.0,False,,False,False
7220.1,NOR,4,99.808,40.0,4.0,,,33.17,28.727,37.911,7153.572,7182.299,7220.21,236.0,286.0,249.0,298.0,False,HARD,5.0,False,McLaren,7120.292,2024-12-01 17:07:23.480,1264,2.0,False,,False,False
7357.29,NOR,4,137.19,41.0,4.0,,,45.925,45.596,45.669,7266.135,7311.731,7357.4,195.0,157.0,225.0,241.0,False,HARD,6.0,False,McLaren,7220.1,2024-12-01 17:09:03.288,4,2.0,False,,False,False
7505.302,NOR,4,148.012,42.0,4.0,,,48.081,43.055,56.876,7405.481,7448.536,7505.412,189.0,214.0,279.0,280.0,False,HARD,7.0,False,McLaren,7357.29,2024-12-01 17:11:20.478,41,2.0,False,,False,False
7589.929,NOR,4,84.627,43.0,4.0,,,31.937,28.445,24.245,7537.349,7565.794,7590.039,239.0,286.0,279.0,299.0,False,HARD,8.0,False,McLaren,7505.302,2024-12-01 17:13:48.490,1,2.0,False,,False,True
7673.402,NOR,4,83.473,44.0,4.0,,,31.225,28.19,24.058,7621.264,7649.454,7673.512,240.0,287.0,281.0,303.0,True,HARD,9.0,False,McLaren,7589.929,2024-12-01 17:15:13.117,1,2.0,False,,False,True
7761.068,NOR,4,87.666,45.0,4.0,,7757.138,31.138,28.243,28.285,7704.65,7732.893,7761.178,241.0,288.0,,322.0,False,HARD,10.0,False,McLaren,7673.402,2024-12-01 17:16:36.590,1,4.0,False,,False,False
7873.745,NOR,4,112.677,46.0,5.0,7793.161,,60.322,28.177,24.178,7821.5,7849.677,7873.855,238.0,286.0,278.0,184.0,False,HARD,11.0,False,McLaren,7761.068,2024-12-01 17:18:04.256,1,15.0,False,,False,False
7956.681,NOR,4,82.936,47.0,5.0,,,30.942,27.98,24.014,7904.797,7932.777,7956.791,239.0,286.0,279.0,303.0,True,HARD,12.0,False,McLaren,7873.745,2024-12-01 17:19:56.933,1,15.0,False,,False,True
8039.321,NOR,4,82.64,48.0,5.0,,,30.884,27.885,23.871,7987.675,8015.56,8039.431,241.0,287.0,278.0,304.0,True,HARD,13.0,False,McLaren,7956.681,2024-12-01 17:21:19.869,1,14.0,False,,False,True
8122.143,NOR,4,82.822,49.0,5.0,,,30.881,28.067,23.874,8070.312,8098.379,8122.253,242.0,287.0,279.0,305.0,False,HARD,14.0,False,McLaren,8039.321,2024-12-01 17:22:42.509,1,14.0,False,,False,True
8206.835,NOR,4,84.692,50.0,5.0,,,30.997,28.603,25.092,8153.25,8181.853,8206.945,239.0,282.0,283.0,,False,HARD,15.0,False,McLaren,8122.143,2024-12-01 17:24:05.331,1,14.0,False,,False,True
8292.032,NOR,4,85.197,51.0,5.0,,,30.703,29.191,25.303,8237.648,8266.839,8292.142,241.0,288.0,283.0,323.0,False,HARD,16.0,False,McLaren,8206.835,2024-12-01 17:25:30.023,1,13.0,False,,False,True
8374.96,NOR,4,82.928,52.0,5.0,,,30.535,28.128,24.265,8322.677,8350.805,8375.07,244.0,287.0,282.0,,False,HARD,17.0,False,McLaren,8292.032,2024-12-01 17:26:55.220,1,12.0,False,,False,True
8460.049,NOR,4,85.089,53.0,5.0,,,32.08,28.46,24.549,8407.15,8435.61,8460.159,241.0,288.0,283.0,325.0,False,HARD,18.0,False,McLaren,8374.96,2024-12-01 17:28:18.148,1,11.0,False,,False,True
8542.52,NOR,4,82.471,54.0,5.0,,,30.454,27.991,24.026,8490.613,8518.604,8542.63,,287.0,279.0,323.0,True,HARD,19.0,False,McLaren,8460.049,2024-12-01 17:29:43.237,1,10.0,False,,False,True
8625.514,NOR,4,82.994,55.0,5.0,,,31.112,28.034,23.848,8573.742,8601.776,8625.624,238.0,287.0,279.0,303.0,False,HARD,20.0,False,McLaren,8542.52,2024-12-01 17:31:05.708,1,10.0,True,TRACK LIMITS AT TURN 1 LAP 55 ,False,True
8707.898,NOR,4,82.384,56.0,5.0,,,30.63,27.959,23.795,8656.254,8684.213,8708.008,246.0,287.0,280.0,304.0,True,HARD,21.0,False,McLaren,8625.514,2024-12-01 17:32:28.702,1,10.0,False,,False,True
8791.169,NOR,4,83.271,57.0,5.0,,,31.181,28.239,23.851,8739.189,8767.428,8791.279,235.0,288.0,280.0,,False,HARD,22.0,False,McLaren,8707.898,2024-12-01 17:33:51.086,1,10.0,True,TRACK LIMITS AT TURN 4 LAP 57 ,False,True
3401.503,COL,43,,1.0,1.0,,,,,,,,,,,,,False,MEDIUM,1.0,True,Williams,3289.896,2024-12-01 16:03:33.084,124,,False,,True,False
3414.438,HAM,44,124.279,1.0,1.0,,,,46.494,39.496,,3375.149,3414.504,225.0,161.0,133.0,250.0,False,MEDIUM,1.0,True,Mercedes,3289.896,2024-12-01 16:03:33.084,124,9.0,False,,False,False
3558.468,HAM,44,144.03,2.0,1.0,,,51.611,47.411,45.008,3466.108,3513.519,3558.527,120.0,250.0,215.0,219.0,True,MEDIUM,2.0,True,Mercedes,3414.438,2024-12-01 16:05:37.626,4,9.0,False,,False,False
3697.398,HAM,44,138.93,3.0,1.0,,,48.143,42.042,48.745,3606.67,3648.712,3697.457,121.0,251.0,211.0,276.0,True,MEDIUM,3.0,True,Mercedes,3558.468,2024-12-01 16:08:01.656,4,9.0,False,,False,False
3836.415,HAM,44,139.017,4.0,1.0,,,42.839,41.547,54.631,3740.296,3781.843,3836.474,147.0,222.0,275.0,267.0,False,MEDIUM,4.0,True,Mercedes,3697.398,2024-12-01 16:10:20.586,41,9.0,False,,False,False
3925.888,HAM,44,89.473,5.0,1.0,,,33.659,29.868,25.946,3870.133,3900.001,3925.947,235.0,285.0,277.0,306.0,True,MEDIUM,5.0,True,Mercedes,3836.415,2024-12-01 16:12:39.603,12,8.0,False,,False,True
4013.972,HAM,44,88.084,6.0,1.0,,,32.97,29.682,25.432,3958.917,3988.599,4014.031,237.0,285.0,277.0,307.0,True,MEDIUM,6.0,True,Mercedes,3925.888,2024-12-01 16:14:09.076,1,8.0,False,,False,True
4101.844,HAM,44,87.872,7.0,1.0,,,32.693,29.58,25.599,4046.724,4076.304,4101.903,235.0,284.0,276.0,324.0,True,MEDIUM,7.0,True,Mercedes,4013.972,2024-12-01 16:15:37.160,1,8.0,False,,False,True
4188.887,HAM,44,87.043,8.0,1.0,,,32.433,29.315,25.295,4134.336,4163.651,4188.946,238.0,285.0,277.0,308.0,True,MEDIUM,8.0,True,Mercedes,4101.844,2024-12-01 16:17:05.032,1,8.0,False,,False,True
4275.87,HAM,44,86.983,9.0,1.0,,,32.145,29.622,25.216,4221.091,4250.713,4275.929,234.0,285.0,277.0,324.0,True,MEDIUM,9.0,True,Mercedes,4188.887,2024-12-01 16:18:32.075,1,8.0,False,,False,True
4363.024,HAM,44,87.154,10.0,1.0,,,32.267,29.502,25.385,4308.196,4337.698,4363.083,236.0,285.0,277.0,325.0,False,MEDIUM,10.0,True,Mercedes,4275.87,2024-12-01 16:19:59.058,1,8.0,False,,False,True
4449.84,HAM,44,86.816,11.0,1.0,,,32.191,29.467,25.158,4395.274,4424.741,4449.899,237.0,285.0,278.0,323.0,True,MEDIUM,11.0,True,Mercedes,4363.024,2024-12-01 16:21:26.212,1,8.0,False,,False,True
4536.372,HAM,44,86.532,12.0,1.0,,,32.059,29.376,25.097,4481.958,4511.334,4536.431,235.0,286.0,278.0,,True,MEDIUM,12.0,True,Mercedes,4449.84,2024-12-01 16:22:53.028,1,8.0,False,,False,True
4622.886,HAM,44,86.514,13.0,1.0,,,32.117,29.438,24.959,4568.548,4597.986,4622.945,238.0,286.0,280.0,325.0,True,MEDIUM,13.0,True,Mercedes,4536.372,2024-12-01 16:24:19.560,1,8.0,False,,False,True
4709.444,HAM,44,86.558,14.0,1.0,,,32.092,29.437,25.029,4655.037,4684.474,4709.503,236.0,286.0,278.0,326.0,False,MEDIUM,14.0,True,Mercedes,4622.886,2024-12-01 16:25:46.074,1,8.0,False,,False,True
4796.244,HAM,44,86.8,15.0,1.0,,,32.072,29.467,25.261,4741.575,4771.042,4796.303,238.0,286.0,277.0,324.0,False,MEDIUM,15.0,True,Mercedes,4709.444,2024-12-01 16:27:12.632,1,8.0,False,,False,True
4882.829,HAM,44,86.585,16.0,1.0,,,32.107,29.331,25.147,4828.41,4857.741,4882.888,237.0,286.0,277.0,323.0,False,MEDIUM,16.0,True,Mercedes,4796.244,2024-12-01 16:28:39.432,1,8.0,False,,False,True
4969.105,HAM,44,86.276,17.0,1.0,,,32.009,29.246,25.021,4914.897,4944.143,4969.164,240.0,286.0,277.0,308.0,True,MEDIUM,17.0,True,Mercedes,4882.829,2024-12-01 16:30:06.017,1,8.0,False,,False,True
5055.575,HAM,44,86.47,18.0,1.0,,,32.041,29.353,25.076,5001.205,5030.558,5055.634,,286.0,277.0,307.0,False,MEDIUM,18.0,True,Mercedes,4969.105,2024-12-01 16:31:32.293,1,8.0,False,,False,True
5141.898,HAM,44,86.323,19.0,1.0,,,32.121,29.213,24.989,5087.755,5116.968,5141.957,239.0,287.0,276.0,,False,MEDIUM,19.0,True,Mercedes,5055.575,2024-12-01 16:32:58.763,1,8.0,False,,False,True
5228.281,HAM,44,86.383,20.0,1.0,,,32.067,29.381,24.935,5174.024,5203.405,5228.34,238.0,285.0,278.0,306.0,False,MEDIUM,20.0,True,Mercedes,5141.898,2024-12-01 16:34:25.086,1,8.0,False,,False,True
5314.307,HAM,44,86.026,21.0,1.0,,,32.018,29.17,24.838,5260.358,5289.528,5314.366,241.0,286.0,277.0,307.0,True,MEDIUM,21.0,True,Mercedes,5228.281,2024-12-01 16:35:51.469,1,8.0,False,,False,True
5400.496,HAM,44,86.189,22.0,1.0,,,32.052,29.229,24.908,5346.418,5375.647,5400.555,240.0,286.0,277.0,,False,MEDIUM,22.0,True,Mercedes,5314.307,2024-12-01 16:37:17.495,1,8.0,False,,False,True
5486.114,HAM,44,85.618,23.0,1.0,,,31.914,29.031,24.673,5432.469,5461.5,5486.173,,287.0,277.0,,True,MEDIUM,23.0,True,Mercedes,5400.496,2024-12-01 16:38:43.684,1,8.0,False,,False,True
5571.848,HAM,44,85.734,24.0,1.0,,,31.863,29.082,24.789,5518.036,5547.118,5571.907,238.0,286.0,277.0,308.0,False,MEDIUM,24.0,True,Mercedes,5486.114,2024-12-01 16:40:09.302,1,7.0,False,,False,True
5657.226,HAM,44,85.378,25.0,1.0,,,31.727,28.943,24.708,5603.634,5632.577,5657.285,239.0,287.0,277.0,,True,MEDIUM,25.0,True,Mercedes,5571.848,2024-12-01 16:41:35.036,1,7.0,False,,False,True
5742.552,HAM,44,85.326,26.0,1.0,,,31.71,28.933,24.683,5688.995,5717.928,5742.611,238.0,287.0,277.0,,True,MEDIUM,26.0,True,Mercedes,5657.226,2024-12-01 16:43:00.414,1,7.0,False,,False,True
5827.779,HAM,44,85.227,27.0,1.0,,,31.702,28.875,24.65,5774.313,5803.188,5827.838,242.0,287.0,278.0,307.0,True,MEDIUM,27.0,True,Mercedes,5742.552,2024-12-01 16:44:25.740,1,7.0,False,,False,True
5914.377,HAM,44,86.598,28.0,1.0,,,32.704,28.995,24.899,5860.542,5889.537,5914.436,239.0,287.0,277.0,308.0,False,MEDIUM,28.0,True,Mercedes,5827.779,2024-12-01 16:45:50.967,1,7.0,False,,False,True
5999.627,HAM,44,85.25,29.0,1.0,,,31.763,28.813,24.674,5946.199,5975.012,5999.686,240.0,286.0,278.0,307.0,False,MEDIUM,29.0,True,Mercedes,5914.377,2024-12-01 16:47:17.565,12,7.0,False,,False,True
6085.023,HAM,44,85.396,30.0,1.0,,,31.819,28.9,24.677,6031.505,6060.405,6085.082,239.0,286.0,278.0,,False,MEDIUM,30.0,True,Mercedes,5999.627,2024-12-01 16:48:42.815,1,7.0,False,,False,True
6170.295,HAM,44,85.272,31.0,1.0,,,31.677,28.965,24.63,6116.759,6145.724,6170.354,,287.0,278.0,308.0,False,MEDIUM,31.0,True,Mercedes,6085.023,2024-12-01 16:50:08.211,1,7.0,False,,False,True
6255.548,HAM,44,85.253,32.0,1.0,,,31.687,28.958,24.608,6202.041,6230.999,6255.607,240.0,287.0,278.0,306.0,False,MEDIUM,32.0,True,Mercedes,6170.295,2024-12-01 16:51:33.483,1,7.0,False,,False,True
6341.261,HAM,44,85.713,33.0,1.0,,,31.663,28.928,25.122,6287.27,6316.198,6341.32,,287.0,274.0,307.0,False,MEDIUM,33.0,True,Mercedes,6255.548,2024-12-01 16:52:58.736,1,7.0,True,TRACK LIMITS AT TURN 7 LAP 33 ,False,True
6478.042,HAM,44,136.781,34.0,1.0,,6473.841,40.347,46.102,50.332,6381.667,6427.769,6478.101,162.0,155.0,,286.0,False,MEDIUM,34.0,True,Mercedes,6341.261,2024-12-01 16:54:24.449,14,15.0,False,,False,False
6655.812,HAM,44,,35.0,2.0,6511.837,6651.672,73.43,50.512,53.814,6551.545,6602.188,6656.019,146.0,140.0,,163.0,False,HARD,1.0,False,Mercedes,6478.042,2024-12-01 16:56:41.230,4,16.0,False,,False,False
6825.746,HAM,44,,36.0,3.0,6675.301,6820.728,73.376,45.48,51.119,6729.43,6774.834,6826.14,120.0,162.0,,68.0,False,HARD,2.0,False,Mercedes,6655.812,2024-12-01 16:59:39.000,4,16.0,False,,False,False
6946.627,HAM,44,120.881,37.0,4.0,6847.591,,62.478,32.557,25.846,6888.283,6920.84,6946.686,173.0,282.0,274.0,158.0,False,HARD,3.0,False,Mercedes,6825.746,2024-12-01 17:02:28.934,4,16.0,False,,False,False
7033.58,HAM,44,86.953,38.0,4.0,,,32.774,29.015,25.164,6979.46,7008.475,7033.639,238.0,285.0,276.0,294.0,False,HARD,4.0,False,Mercedes,6946.627,2024-12-01 17:04:29.815,4,16.0,False,,False,False
7125.399,HAM,44,91.819,39.0,4.0,,,32.226,28.932,30.661,7065.865,7094.797,7125.458,239.0,286.0,283.0,300.0,False,HARD,5.0,False,Mercedes,7033.58,2024-12-01 17:05:56.768,41,15.0,False,,False,False
7239.75,HAM,44,114.351,40.0,4.0,,,33.017,40.299,41.035,7158.475,7198.774,7239.809,242.0,129.0,256.0,316.0,False,HARD,6.0,False,Mercedes,7125.399,2024-12-01 17:07:28.587,1264,12.0,False,,False,False
7374.336,HAM,44,134.586,41.0,4.0,,,38.011,45.973,50.602,7277.82,7323.793,7374.395,209.0,205.0,235.0,211.0,False,HARD,7.0,False,Mercedes,7239.75,2024-12-01 17:09:22.938,4,12.0,False,,False,False
7509.36,HAM,44,135.024,42.0,4.0,,,43.191,43.801,48.032,7417.586,7461.387,7509.419,150.0,210.0,283.0,289.0,False,HARD,8.0,False,Mercedes,7374.336,2024-12-01 17:11:37.524,41,12.0,False,,False,False
7599.014,HAM,44,89.654,43.0,4.0,,,34.499,29.826,25.329,7543.918,7573.744,7599.073,235.0,289.0,280.0,312.0,False,HARD,9.0,False,Mercedes,7509.36,2024-12-01 17:13:52.548,1,14.0,False,,False,True
7686.107,HAM,44,87.093,44.0,4.0,,,32.745,29.283,25.065,7631.818,7661.101,7686.166,240.0,290.0,284.0,311.0,False,HARD,10.0,False,Mercedes,7599.014,2024-12-01 17:15:22.202,1,14.0,False,,False,True
7771.387,HAM,44,85.28,45.0,4.0,,,31.495,28.884,24.901,7717.661,7746.545,7771.446,,288.0,285.0,330.0,False,HARD,11.0,False,Mercedes,7686.107,2024-12-01 17:16:49.295,1,13.0,False,,False,True
7856.113,HAM,44,84.726,46.0,4.0,,,31.421,28.698,24.607,7802.867,7831.565,7856.172,242.0,289.0,282.0,,True,HARD,12.0,False,Mercedes,7771.387,2024-12-01 17:18:14.575,1,11.0,False,,False,True
7946.067,HAM,44,89.954,47.0,4.0,,7942.075,31.759,29.013,29.182,7887.931,7916.944,7946.126,241.0,289.0,,332.0,False,HARD,13.0,False,Mercedes,7856.113,2024-12-01 17:19:39.301,1,14.0,False,,False,False
8048.477,HAM,44,102.41,48.0,5.0,7964.81,,48.261,29.158,24.991,7994.387,8023.545,8048.536,246.0,284.0,279.0,180.0,False,HARD,14.0,False,Mercedes,7946.067,2024-12-01 17:21:09.255,1,15.0,False,,False,False
8133.573,HAM,44,85.096,49.0,5.0,,,31.532,28.559,25.005,8080.068,8108.627,8133.632,,287.0,278.0,306.0,False,HARD,15.0,False,Mercedes,8048.477,2024-12-01 17:22:51.665,1,15.0,False,,False,True
8218.379,HAM,44,84.806,50.0,5.0,,,31.317,28.642,24.847,8164.949,8193.591,8218.438,244.0,287.0,279.0,305.0,False,HARD,16.0,False,Mercedes,8133.573,2024-12-01 17:24:16.761,1,15.0,False,,False,True
8302.841,HAM,44,84.462,51.0,5.0,,,31.512,28.45,24.5,8249.95,8278.4,8302.9,245.0,288.0,279.0,306.0,True,HARD,17.0,False,Mercedes,8218.379,2024-12-01 17:25:41.567,1,15.0,False,,False,True
8386.706,HAM,44,83.865,52.0,5.0,,,31.225,28.381,24.259,8334.125,8362.506,8386.765,243.0,288.0,280.0,308.0,True,HARD,18.0,False,Mercedes,8302.841,2024-12-01 17:27:06.029,1,15.0,False,,False,True
8470.75,HAM,44,84.044,53.0,5.0,,,31.207,28.464,24.373,8417.972,8446.436,8470.809,248.0,290.0,281.0,,False,HARD,19.0,False,Mercedes,8386.706,2024-12-01 17:28:29.894,1,15.0,False,,False,True
8557.829,HAM,44,87.079,54.0,5.0,,,32.662,29.469,24.948,8503.471,8532.94,8557.888,233.0,290.0,285.0,313.0,False,HARD,20.0,False,Mercedes,8470.75,2024-12-01 17:29:53.938,1,15.0,False,,False,True
8642.079,HAM,44,84.25,55.0,5.0,,,31.124,28.558,24.568,8589.012,8617.57,8642.138,247.0,289.0,282.0,322.0,False,HARD,21.0,False,Mercedes,8557.829,2024-12-01 17:31:21.017,1,13.0,False,,False,True
8726.491,HAM,44,84.412,56.0,5.0,,,31.396,28.447,24.569,8673.534,8701.981,8726.55,245.0,289.0,280.0,336.0,False,HARD,22.0,False,Mercedes,8642.079,2024-12-01 17:32:45.267,1,12.0,False,,False,True
8811.577,HAM,44,85.086,57.0,5.0,,,31.586,28.563,24.937,8758.136,8786.699,8811.636,,289.0,276.0,306.0,False,HARD,23.0,False,Mercedes,8726.491,2024-12-01 17:34:09.679,1,12.0,False,,False,True
3409.553,SAI,55,119.394,1.0,1.0,,,,41.664,40.914,,3368.82,3409.686,222.0,128.0,172.0,254.0,False,MEDIUM,2.0,False,Ferrari,3289.896,2024-12-01 16:03:33.084,124,6.0,False,,False,False
3552.86,SAI,55,143.307,2.0,1.0,,,53.921,45.223,44.163,3463.519,3508.742,3552.905,83.0,197.0,212.0,193.0,True,MEDIUM,3.0,False,Ferrari,3409.553,2024-12-01 16:05:32.741,4,6.0,False,,False,False
3690.854,SAI,55,137.994,3.0,1.0,,,49.393,41.451,47.15,3602.298,3643.749,3690.899,175.0,231.0,215.0,252.0,True,MEDIUM,4.0,False,Ferrari,3552.86,2024-12-01 16:07:56.048,4,6.0,False,,False,False
3835.341,SAI,55,144.487,4.0,1.0,,,44.971,41.855,57.661,3735.87,3777.725,3835.386,180.0,215.0,276.0,257.0,False,MEDIUM,5.0,False,Ferrari,3690.854,2024-12-01 16:10:14.042,41,6.0,False,,False,False
3924.696,SAI,55,89.355,5.0,1.0,,,33.498,29.982,25.875,3868.884,3898.866,3924.741,228.0,285.0,277.0,304.0,True,MEDIUM,6.0,False,Ferrari,3835.341,2024-12-01 16:12:38.529,12,6.0,False,,False,True
4012.33,SAI,55,87.634,6.0,1.0,,,32.591,29.395,25.648,3957.332,3986.727,4012.375,234.0,285.0,279.0,,True,MEDIUM,7.0,False,Ferrari,3924.696,2024-12-01 16:14:07.884,1,6.0,False,,False,True
4099.519,SAI,55,87.189,7.0,1.0,,,32.244,29.346,25.599,4044.619,4073.965,4099.564,,285.0,278.0,321.0,True,MEDIUM,8.0,False,Ferrari,4012.33,2024-12-01 16:15:35.518,1,6.0,False,,False,True
4186.661,SAI,55,87.142,8.0,1.0,,,32.107,29.58,25.455,4131.671,4161.251,4186.706,,284.0,277.0,,True,MEDIUM,9.0,False,Ferrari,4099.519,2024-12-01 16:17:02.707,1,6.0,False,,False,True
4273.455,SAI,55,86.794,9.0,1.0,,,32.027,29.377,25.39,4218.733,4248.11,4273.5,235.0,286.0,278.0,320.0,True,MEDIUM,10.0,False,Ferrari,4186.661,2024-12-01 16:18:29.849,1,6.0,False,,False,True
4359.921,SAI,55,86.466,10.0,1.0,,,31.986,29.252,25.228,4305.486,4334.738,4359.966,,284.0,279.0,321.0,True,MEDIUM,11.0,False,Ferrari,4273.455,2024-12-01 16:19:56.643,1,6.0,False,,False,True
4446.299,SAI,55,86.378,11.0,1.0,,,31.831,29.296,25.251,4391.797,4421.093,4446.344,,285.0,278.0,,True,MEDIUM,12.0,False,Ferrari,4359.921,2024-12-01 16:21:23.109,1,6.0,False,,False,True
4532.522,SAI,55,86.223,12.0,1.0,,,31.923,29.244,25.056,4478.267,4507.511,4532.567,234.0,284.0,278.0,,True,MEDIUM,13.0,False,Ferrari,4446.299,2024-12-01 16:22:49.487,1,6.0,False,,False,True
4618.648,SAI,55,86.126,13.0,1.0,,,31.788,29.262,25.076,4564.355,4593.617,4618.693,237.0,285.0,278.0,320.0,True,MEDIUM,14.0,False,Ferrari,4532.522,2024-12-01 16:24:15.710,1,6.0,False,,False,True
4704.838,SAI,55,86.19,14.0,1.0,,,31.844,29.312,25.034,4650.537,4679.849,4704.883,,285.0,277.0,321.0,False,MEDIUM,15.0,False,Ferrari,4618.648,2024-12-01 16:25:41.836,1,6.0,False,,False,True
4790.95,SAI,55,86.112,15.0,1.0,,,31.962,29.179,24.971,4736.845,4766.024,4790.995,238.0,285.0,277.0,305.0,True,MEDIUM,16.0,False,Ferrari,4704.838,2024-12-01 16:27:08.026,1,6.0,False,,False,True
4876.837,SAI,55,85.887,16.0,1.0,,,31.909,29.162,24.816,4822.904,4852.066,4876.882,239.0,284.0,278.0,304.0,True,MEDIUM,17.0,False,Ferrari,4790.95,2024-12-01 16:28:34.138,1,6.0,False,,False,True
4962.71,SAI,55,85.873,17.0,1.0,,,31.863,29.202,24.808,4908.745,4937.947,4962.755,240.0,284.0,277.0,306.0,True,MEDIUM,18.0,False,Ferrari,4876.837,2024-12-01 16:30:00.025,1,6.0,False,,False,True
5048.278,SAI,55,85.568,18.0,1.0,,,31.738,29.076,24.754,4994.493,5023.569,5048.323,,285.0,277.0,,True,MEDIUM,19.0,False,Ferrari,4962.71,2024-12-01 16:31:25.898,1,6.0,False,,False,True
5134.13,SAI,55,85.852,19.0,1.0,,,31.777,29.199,24.876,5080.1,5109.299,5134.175,,285.0,276.0,,False,MEDIUM,20.0,False,Ferrari,5048.278,2024-12-01 16:32:51.466,1,6.0,False,,False,True
5219.689,SAI,55,85.559,20.0,1.0,,,31.816,29.021,24.722,5165.991,5195.012,5219.734,238.0,284.0,278.0,305.0,True,MEDIUM,21.0,False,Ferrari,5134.13,2024-12-01 16:34:17.318,1,6.0,False,,False,True
5305.058,SAI,55,85.369,21.0,1.0,,,31.672,28.997,24.7,5251.406,5280.403,5305.103,241.0,284.0,278.0,,True,MEDIUM,22.0,False,Ferrari,5219.689,2024-12-01 16:35:42.877,1,6.0,False,,False,True
5390.411,SAI,55,85.353,22.0,1.0,,,31.729,28.943,24.681,5336.832,5365.775,5390.456,238.0,285.0,277.0,306.0,True,MEDIUM,23.0,False,Ferrari,5305.058,2024-12-01 16:37:08.246,1,6.0,False,,False,True
5475.784,SAI,55,85.373,23.0,1.0,,,31.756,28.958,24.659,5422.212,5451.17,5475.829,240.0,285.0,277.0,307.0,False,MEDIUM,24.0,False,Ferrari,5390.411,2024-12-01 16:38:33.599,1,6.0,False,,False,True
5561.063,SAI,55,85.279,24.0,1.0,,,31.713,28.899,24.667,5507.542,5536.441,5561.108,241.0,285.0,277.0,306.0,True,MEDIUM,25.0,False,Ferrari,5475.784,2024-12-01 16:39:58.972,1,5.0,False,,False,True
5646.394,SAI,55,85.331,25.0,1.0,,,31.82,28.982,24.529,5592.928,5621.91,5646.439,237.0,284.0,277.0,301.0,False,MEDIUM,26.0,False,Ferrari,5561.063,2024-12-01 16:41:24.251,1,5.0,False,,False,True
5731.524,SAI,55,85.13,26.0,1.0,,,31.622,28.938,24.57,5678.061,5706.999,5731.569,238.0,285.0,278.0,302.0,True,MEDIUM,27.0,False,Ferrari,5646.394,2024-12-01 16:42:49.582,1,5.0,False,,False,True
5816.383,SAI,55,84.859,27.0,1.0,,,31.534,28.8,24.525,5763.103,5791.903,5816.428,239.0,285.0,278.0,304.0,True,MEDIUM,28.0,False,Ferrari,5731.524,2024-12-01 16:44:14.712,1,5.0,False,,False,True
5901.527,SAI,55,85.144,28.0,1.0,,,31.693,28.865,24.586,5848.121,5876.986,5901.572,237.0,284.0,277.0,302.0,False,MEDIUM,29.0,False,Ferrari,5816.383,2024-12-01 16:45:39.571,1,5.0,False,,False,True
5986.509,SAI,55,84.982,29.0,1.0,,,31.495,29.03,24.457,5933.067,5962.097,5986.554,241.0,285.0,278.0,304.0,False,MEDIUM,30.0,False,Ferrari,5901.527,2024-12-01 16:47:04.715,12,5.0,False,,False,True
6071.744,SAI,55,85.235,30.0,1.0,,,31.783,28.908,24.544,6018.337,6047.245,6071.789,238.0,285.0,278.0,301.0,False,MEDIUM,31.0,False,Ferrari,5986.509,2024-12-01 16:48:29.697,21,5.0,False,,False,True
6156.546,SAI,55,84.802,31.0,1.0,,,31.531,28.839,24.432,6103.32,6132.159,6156.591,241.0,285.0,277.0,306.0,True,MEDIUM,32.0,False,Ferrari,6071.744,2024-12-01 16:49:54.932,1,5.0,False,,False,True
6241.431,SAI,55,84.885,32.0,1.0,,,31.637,28.787,24.461,6188.228,6217.015,6241.476,238.0,285.0,278.0,301.0,False,MEDIUM,33.0,False,Ferrari,6156.546,2024-12-01 16:51:19.734,1,5.0,False,,False,True
6326.535,SAI,55,85.104,33.0,1.0,,,31.401,28.698,25.005,6272.877,6301.575,6326.58,243.0,285.0,277.0,306.0,False,MEDIUM,34.0,False,Ferrari,6241.431,2024-12-01 16:52:44.619,1,5.0,False,,False,True
6434.231,SAI,55,107.696,34.0,1.0,,6430.076,34.218,32.651,40.827,6360.798,6393.449,6434.276,221.0,206.0,,295.0,False,MEDIUM,35.0,False,Ferrari,6326.535,2024-12-01 16:54:09.723,1,6.0,False,,False,False
6582.595,SAI,55,148.364,35.0,2.0,6466.205,,71.118,41.569,35.677,6505.394,6546.963,6582.64,208.0,159.0,227.0,179.0,False,HARD,1.0,True,Ferrari,6434.231,2024-12-01 16:55:57.419,14,10.0,False,,False,False
6705.904,SAI,55,123.309,36.0,2.0,,6701.912,43.903,40.57,38.836,6626.543,6667.113,6705.949,207.0,125.0,,268.0,False,HARD,2.0,True,Ferrari,6582.595,2024-12-01 16:58:25.783,4,8.0,False,,False,False
6839.306,SAI,55,133.402,37.0,3.0,6724.57,6833.002,51.246,35.466,46.69,6757.195,6792.661,6839.351,227.0,252.0,,161.0,False,HARD,3.0,False,Ferrari,6705.904,2024-12-01 17:00:29.092,4,8.0,False,,False,False
6986.036,SAI,55,146.73,38.0,4.0,6867.314,,60.529,43.638,42.563,6899.88,6943.518,6986.081,231.0,215.0,216.0,137.0,False,HARD,4.0,False,Ferrari,6839.306,2024-12-01 17:02:42.494,4,8.0,False,,False,False
7121.811,SAI,55,135.775,39.0,4.0,,,48.984,41.813,44.978,7035.065,7076.878,7121.856,156.0,249.0,282.0,264.0,False,HARD,5.0,False,Ferrari,6986.036,2024-12-01 17:05:09.224,41,7.0,False,,False,False
7232.109,SAI,55,110.298,40.0,4.0,,,34.222,32.581,43.495,7156.078,7188.659,7232.154,210.0,105.0,233.0,314.0,False,HARD,6.0,False,Ferrari,7121.811,2024-12-01 17:07:24.999,1264,7.0,False,,False,False
7365.162,SAI,55,133.053,41.0,4.0,,,39.37,46.628,47.055,7271.524,7318.152,7365.207,139.0,210.0,227.0,244.0,False,HARD,7.0,False,Ferrari,7232.109,2024-12-01 17:09:15.297,4,7.0,False,,False,False
7507.212,SAI,55,142.05,42.0,4.0,,,46.27,45.331,50.449,7411.477,7456.808,7507.257,153.0,237.0,280.0,258.0,False,HARD,8.0,False,Ferrari,7365.162,2024-12-01 17:11:28.350,41,7.0,False,,False,False
7594.898,SAI,55,87.686,43.0,4.0,,,33.276,29.527,24.883,7540.533,7570.06,7594.943,236.0,289.0,280.0,307.0,False,HARD,9.0,False,Ferrari,7507.212,2024-12-01 17:13:50.400,1,7.0,False,,False,True
7680.134,SAI,55,85.236,44.0,4.0,,,31.838,28.886,24.512,7626.781,7655.667,7680.179,242.0,288.0,283.0,305.0,False,HARD,10.0,False,Ferrari,7594.898,2024-12-01 17:15:18.086,1,7.0,False,,False,True
7764.741,SAI,55,84.607,45.0,4.0,,,31.617,28.598,24.392,7711.796,7740.394,7764.786,238.0,288.0,283.0,327.0,True,HARD,11.0,False,Ferrari,7680.134,2024-12-01 17:16:43.322,1,7.0,False,,False,True
7848.911,SAI,55,84.17,46.0,4.0,,,31.379,28.537,24.254,7796.165,7824.702,7848.956,241.0,288.0,284.0,321.0,True,HARD,12.0,False,Ferrari,7764.741,2024-12-01 17:18:07.929,1,6.0,False,,False,True
7933.356,SAI,55,84.445,47.0,4.0,,,31.475,28.665,24.305,7880.431,7909.096,7933.401,240.0,288.0,283.0,328.0,False,HARD,13.0,False,Ferrari,7848.911,2024-12-01 17:19:32.099,1,6.0,False,,False,True
8017.45,SAI,55,84.094,48.0,4.0,,,31.316,28.513,24.265,7964.717,7993.23,8017.495,239.0,288.0,282.0,316.0,True,HARD,14.0,False,Ferrari,7933.356,2024-12-01 17:20:56.544,1,6.0,False,,False,True
8101.34,SAI,55,83.89,49.0,4.0,,,31.125,28.561,24.204,8048.62,8077.181,8101.385,240.0,289.0,282.0,317.0,True,HARD,15.0,False,Ferrari,8017.45,2024-12-01 17:22:20.638,1,6.0,False,,False,True
8185.198,SAI,55,83.858,50.0,4.0,,,31.088,28.615,24.155,8132.473,8161.088,8185.243,241.0,289.0,283.0,320.0,True,HARD,16.0,False,Ferrari,8101.34,2024-12-01 17:23:44.528,1,6.0,False,,False,True
8270.12,SAI,55,84.922,51.0,4.0,,,31.148,28.477,25.297,8216.391,8244.868,8270.165,244.0,289.0,276.0,325.0,False,HARD,17.0,False,Ferrari,8185.198,2024-12-01 17:25:08.386,1,6.0,False,,False,True
8353.585,SAI,55,83.465,52.0,4.0,,,31.095,28.401,23.969,8301.26,8329.661,8353.63,243.0,287.0,281.0,321.0,True,HARD,18.0,False,Ferrari,8270.12,2024-12-01 17:26:33.308,1,6.0,False,,False,True
8437.205,SAI,55,83.62,53.0,4.0,,,31.118,28.38,24.122,8384.748,8413.128,8437.25,,288.0,283.0,302.0,False,HARD,19.0,False,Ferrari,8353.585,2024-12-01 17:27:56.773,1,6.0,False,,False,True
8520.95,SAI,55,83.745,54.0,4.0,,,31.066,28.556,24.123,8468.316,8496.872,8520.995,241.0,289.0,284.0,321.0,False,HARD,20.0,False,Ferrari,8437.205,2024-12-01 17:29:20.393,1,6.0,False,,False,True
8605.509,SAI,55,84.559,55.0,4.0,,,31.654,28.669,24.236,8552.649,8581.318,8605.554,243.0,287.0,282.0,328.0,False,HARD,21.0,False,Ferrari,8520.95,2024-12-01 17:30:44.138,1,6.0,False,,False,True
8689.053,SAI,55,83.544,56.0,4.0,,,31.024,28.489,24.031,8636.578,8665.067,8689.098,242.0,288.0,284.0,320.0,False,HARD,22.0,False,Ferrari,8605.509,2024-12-01 17:32:08.697,1,6.0,False,,False,True
8772.958,SAI,55,83.905,57.0,4.0,,,31.154,28.709,24.042,8720.252,8748.961,8773.003,241.0,289.0,283.0,326.0,False,HARD,23.0,False,Ferrari,8689.053,2024-12-01 17:33:32.241,1,6.0,False,,False,True
3405.79,RUS,63,115.631,1.0,1.0,,,,35.146,45.047,,3360.759,3405.87,235.0,88.0,187.0,234.0,False,MEDIUM,2.0,False,Mercedes,3289.896,2024-12-01 16:03:33.084,124,3.0,False,,False,False
3547.165,RUS,63,141.375,2.0,1.0,,,54.918,43.501,42.956,3460.724,3504.225,3547.181,99.0,194.0,236.0,124.0,True,MEDIUM,3.0,False,Mercedes,3405.79,2024-12-01 16:05:28.978,4,3.0,False,,False,False
3684.891,RUS,63,137.726,3.0,1.0,,,50.889,42.08,44.757,3598.07,3640.15,3684.907,203.0,189.0,226.0,104.0,True,MEDIUM,4.0,False,Mercedes,3547.165,2024-12-01 16:07:50.353,4,3.0,False,,False,False
3834.082,RUS,63,149.191,4.0,1.0,,,46.522,42.581,60.088,3731.429,3774.01,3834.098,206.0,140.0,278.0,271.0,False,MEDIUM,5.0,False,Mercedes,3684.891,2024-12-01 16:10:08.079,41,3.0,False,,False,False
3922.03,RUS,63,87.948,5.0,1.0,,,32.967,29.545,25.436,3867.065,3896.61,3922.046,238.0,283.0,275.0,306.0,True,MEDIUM,6.0,False,Mercedes,3834.082,2024-12-01 16:12:37.270,12,3.0,False,,False,True
4008.827,RUS,63,86.797,6.0,1.0,,,32.451,29.125,25.221,3954.497,3983.622,4008.843,239.0,284.0,276.0,301.0,True,MEDIUM,7.0,False,Mercedes,3922.03,2024-12-01 16:14:05.218,1,3.0,False,,False,True
4095.388,RUS,63,86.561,7.0,1.0,,,32.284,29.243,25.034,4041.127,4070.37,4095.404,236.0,285.0,277.0,,True,MEDIUM,8.0,False,Mercedes,4008.827,2024-12-01 16:15:32.015,1,3.0,False,,False,True
4181.821,RUS,63,86.433,8.0,1.0,,,32.234,29.171,25.028,4127.638,4156.809,4181.837,,286.0,276.0,304.0,True,MEDIUM,9.0,False,Mercedes,4095.388,2024-12-01 16:16:58.576,1,3.0,False,,False,True
4268.319,RUS,63,86.498,9.0,1.0,,,32.254,29.284,24.96,4214.091,4243.375,4268.335,237.0,287.0,277.0,306.0,False,MEDIUM,10.0,False,Mercedes,4181.821,2024-12-01 16:18:25.009,1,3.0,False,,False,True
4354.593,RUS,63,86.274,10.0,1.0,,,32.098,29.229,24.947,4300.433,4329.662,4354.609,239.0,285.0,277.0,,True,MEDIUM,11.0,False,Mercedes,4268.319,2024-12-01 16:19:51.507,1,3.0,False,,False,True
4440.807,RUS,63,86.214,11.0,1.0,,,32.072,29.302,24.84,4386.681,4415.983,4440.823,240.0,285.0,277.0,,True,MEDIUM,12.0,False,Mercedes,4354.593,2024-12-01 16:21:17.781,1,3.0,False,,False,True
4526.796,RUS,63,85.989,12.0,1.0,,,32.066,29.146,24.777,4472.889,4502.035,4526.812,,285.0,277.0,305.0,True,MEDIUM,13.0,False,Mercedes,4440.807,2024-12-01 16:22:43.995,1,3.0,False,,False,True
4612.978,RUS,63,86.182,13.0,1.0,,,32.047,29.205,24.93,4558.859,4588.064,4612.994,,285.0,277.0,,False,MEDIUM,14.0,False,Mercedes,4526.796,2024-12-01 16:24:09.984,1,3.0,False,,False,True
4699.218,RUS,63,86.24,14.0,1.0,,,32.109,29.222,24.909,4645.103,4674.325,4699.234,239.0,286.0,277.0,304.0,False,MEDIUM,15.0,False,Mercedes,4612.978,2024-12-01 16:25:36.166,1,3.0,False,,False,True
4785.176,RUS,63,85.958,15.0,1.0,,,31.992,29.173,24.793,4731.226,4760.399,4785.192,,285.0,277.0,305.0,True,MEDIUM,16.0,False,Mercedes,4699.218,2024-12-01 16:27:02.406,1,3.0,False,,False,True
4871.198,RUS,63,86.022,16.0,1.0,,,31.894,29.209,24.919,4817.086,4846.295,4871.214,238.0,285.0,276.0,304.0,False,MEDIUM,17.0,False,Mercedes,4785.176,2024-12-01 16:28:28.364,1,3.0,False,,False,True
4956.947,RUS,63,85.749,17.0,1.0,,,31.775,29.154,24.82,4902.989,4932.143,4956.963,240.0,285.0,277.0,,True,MEDIUM,18.0,False,Mercedes,4871.198,2024-12-01 16:29:54.386,1,3.0,False,,False,True
5042.507,RUS,63,85.56,18.0,1.0,,,31.739,29.093,24.728,4988.702,5017.795,5042.523,,285.0,277.0,,True,MEDIUM,19.0,False,Mercedes,4956.947,2024-12-01 16:31:20.135,1,3.0,False,,False,True
5128.053,RUS,63,85.546,19.0,1.0,,,31.786,29.064,24.696,5074.309,5103.373,5128.069,239.0,285.0,277.0,,True,MEDIUM,20.0,False,Mercedes,5042.507,2024-12-01 16:32:45.695,1,3.0,False,,False,True
5213.813,RUS,63,85.76,20.0,1.0,,,31.789,29.138,24.833,5159.858,5188.996,5213.829,238.0,285.0,277.0,303.0,False,MEDIUM,21.0,False,Mercedes,5128.053,2024-12-01 16:34:11.241,1,3.0,False,,False,True
5299.534,RUS,63,85.721,21.0,1.0,,,31.838,29.133,24.75,5245.667,5274.8,5299.55,240.0,285.0,277.0,304.0,False,MEDIUM,22.0,False,Mercedes,5213.813,2024-12-01 16:35:37.001,1,3.0,False,,False,True
5385.11,RUS,63,85.576,22.0,1.0,,,31.808,29.077,24.691,5331.358,5360.435,5385.126,239.0,285.0,277.0,303.0,False,MEDIUM,23.0,False,Mercedes,5299.534,2024-12-01 16:37:02.722,1,3.0,False,,False,True
5474.701,RUS,63,89.591,23.0,1.0,,5470.674,31.8,28.956,28.835,5416.926,5445.882,5474.717,240.0,285.0,,,False,MEDIUM,24.0,False,Mercedes,5385.11,2024-12-01 16:38:28.298,1,5.0,False,,False,False
5587.995,RUS,63,113.294,24.0,2.0,5502.975,,59.02,29.256,25.018,5533.737,5562.993,5588.011,232.0,285.0,278.0,177.0,False,HARD,1.0,True,Mercedes,5474.701,2024-12-01 16:39:57.889,1,11.0,False,,False,False
5673.509,RUS,63,85.514,25.0,2.0,,,31.804,28.93,24.78,5619.815,5648.745,5673.525,239.0,287.0,279.0,306.0,True,HARD,2.0,True,Mercedes,5587.995,2024-12-01 16:41:51.183,1,11.0,False,,False,True
5759.482,RUS,63,85.973,26.0,2.0,,,31.872,29.222,24.879,5705.397,5734.619,5759.498,240.0,287.0,279.0,309.0,False,HARD,3.0,True,Mercedes,5673.509,2024-12-01 16:43:16.697,1,11.0,False,,False,True
5845.637,RUS,63,86.155,27.0,2.0,,,32.038,29.303,24.814,5791.536,5820.839,5845.653,242.0,288.0,279.0,326.0,False,HARD,4.0,True,Mercedes,5759.482,2024-12-01 16:44:42.670,1,11.0,False,,False,True
5931.504,RUS,63,85.867,28.0,2.0,,,31.859,29.22,24.788,5877.512,5906.732,5931.52,240.0,288.0,281.0,325.0,False,HARD,5.0,True,Mercedes,5845.637,2024-12-01 16:46:08.825,1,10.0,False,,False,True
6017.42,RUS,63,85.916,29.0,2.0,,,31.972,29.196,24.748,5963.492,5992.688,6017.436,241.0,288.0,281.0,326.0,False,HARD,6.0,True,Mercedes,5931.504,2024-12-01 16:47:34.692,12,10.0,False,,False,True
6103.565,RUS,63,86.145,30.0,2.0,,,32.077,29.211,24.857,6049.513,6078.724,6103.581,,285.0,279.0,,False,HARD,7.0,True,Mercedes,6017.42,2024-12-01 16:49:00.608,1,10.0,False,,False,True
6189.376,RUS,63,85.811,31.0,2.0,,,31.836,29.115,24.86,6135.417,6164.532,6189.392,243.0,288.0,279.0,312.0,False,HARD,8.0,True,Mercedes,6103.565,2024-12-01 16:50:26.753,1,10.0,False,,False,True
6274.959,RUS,63,85.583,32.0,2.0,,,31.697,29.147,24.739,6221.089,6250.236,6274.975,,288.0,281.0,320.0,False,HARD,9.0,True,Mercedes,6189.376,2024-12-01 16:51:52.564,1,10.0,False,,False,True
6360.457,RUS,63,85.498,33.0,2.0,,,31.608,29.189,24.701,6306.583,6335.772,6360.473,242.0,289.0,282.0,325.0,True,HARD,10.0,True,Mercedes,6274.959,2024-12-01 16:53:18.147,1,10.0,False,,False,True
6446.429,RUS,63,85.972,34.0,2.0,,,31.232,30.132,24.608,6391.705,6421.837,6446.445,,286.0,278.0,328.0,False,HARD,11.0,True,Mercedes,6360.457,2024-12-01 16:54:43.645,1,8.0,False,,False,True
6561.181,RUS,63,114.752,35.0,2.0,,6557.226,35.872,39.257,39.623,6482.317,6521.574,6561.197,173.0,158.0,,304.0,False,HARD,12.0,True,Mercedes,6446.429,2024-12-01 16:56:09.617,14,7.0,False,,False,False
6703.369,RUS,63,142.188,36.0,3.0,6585.023,6699.334,62.163,39.588,40.437,6623.36,6662.948,6703.385,227.0,145.0,,178.0,False,HARD,1.0,True,Mercedes,6561.181,2024-12-01 16:58:04.369,4,7.0,False,,False,False
6838.153,RUS,63,134.784,37.0,4.0,6722.059,6831.621,50.34,36.877,47.567,6753.725,6790.602,6838.169,236.0,265.0,,156.0,False,HARD,2.0,False,Mercedes,6703.369,2024-12-01 17:00:26.557,4,7.0,False,,False,False
6984.533,RUS,63,146.38,38.0,5.0,6865.703,,60.492,43.868,42.02,6898.661,6942.529,6984.549,221.0,218.0,239.0,137.0,False,HARD,3.0,False,Mercedes,6838.153,2024-12-01 17:02:41.341,4,7.0,False,,False,False
7121.562,RUS,63,137.029,39.0,5.0,,,49.446,41.99,45.593,7033.995,7075.985,7121.578,164.0,250.0,284.0,233.0,False,HARD,4.0,False,Mercedes,6984.533,2024-12-01 17:05:07.721,41,6.0,False,,False,False
7227.837,RUS,63,106.275,40.0,5.0,,,33.698,30.382,42.195,7155.276,7185.658,7227.853,239.0,145.0,259.0,311.0,False,HARD,5.0,False,Mercedes,7121.562,2024-12-01 17:07:24.750,1264,5.0,False,,False,False
7361.958,RUS,63,134.121,41.0,5.0,,,41.951,45.826,46.344,7269.804,7315.63,7361.974,177.0,204.0,247.0,295.0,False,HARD,6.0,False,Mercedes,7227.837,2024-12-01 17:09:11.025,4,5.0,False,,False,False
7506.674,RUS,63,144.716,42.0,5.0,,,47.571,43.926,53.219,7409.545,7453.471,7506.69,156.0,219.0,279.0,,False,HARD,7.0,False,Mercedes,7361.958,2024-12-01 17:11:25.146,41,5.0,False,,False,False
7593.045,RUS,63,86.371,43.0,5.0,,,32.674,29.058,24.639,7539.364,7568.422,7593.061,245.0,286.0,281.0,306.0,False,HARD,8.0,False,Mercedes,7506.674,2024-12-01 17:13:49.862,1,5.0,False,,False,True
7677.689,RUS,63,84.644,44.0,5.0,,,31.79,28.416,24.438,7624.851,7653.267,7677.705,243.0,289.0,281.0,307.0,True,HARD,9.0,False,Mercedes,7593.045,2024-12-01 17:15:16.233,1,5.0,False,,False,True
7761.699,RUS,63,84.01,45.0,5.0,,,31.379,28.392,24.239,7709.084,7737.476,7761.715,245.0,290.0,282.0,308.0,True,HARD,10.0,False,Mercedes,7677.689,2024-12-01 17:16:40.877,1,5.0,False,,False,True
7845.313,RUS,63,83.614,46.0,5.0,,,31.129,28.36,24.125,7792.844,7821.204,7845.329,250.0,290.0,284.0,309.0,True,HARD,11.0,False,Mercedes,7761.699,2024-12-01 17:18:04.887,1,4.0,False,,False,True
7929.202,RUS,63,83.889,47.0,5.0,,,31.078,28.546,24.265,7876.407,7904.953,7929.218,244.0,289.0,281.0,317.0,False,HARD,12.0,False,Mercedes,7845.313,2024-12-01 17:19:28.501,1,4.0,False,,False,True
8012.998,RUS,63,83.796,48.0,5.0,,,31.13,28.478,24.188,7960.348,7988.826,8013.014,246.0,289.0,283.0,308.0,False,HARD,13.0,False,Mercedes,7929.202,2024-12-01 17:20:52.390,1,4.0,False,,False,True
8096.742,RUS,63,83.744,49.0,5.0,,,31.074,28.528,24.142,8044.088,8072.616,8096.758,,289.0,282.0,309.0,False,HARD,14.0,False,Mercedes,8012.998,2024-12-01 17:22:16.186,1,4.0,False,,False,True
8180.097,RUS,63,83.355,50.0,5.0,,,30.933,28.364,24.058,8127.691,8156.055,8180.113,248.0,290.0,282.0,,True,HARD,15.0,False,Mercedes,8096.742,2024-12-01 17:23:39.930,1,4.0,False,,False,True
8263.592,RUS,63,83.495,51.0,5.0,,,31.098,28.376,24.021,8211.211,8239.587,8263.608,245.0,290.0,281.0,310.0,False,HARD,16.0,False,Mercedes,8180.097,2024-12-01 17:25:03.285,1,4.0,False,,False,True
8347.141,RUS,63,83.549,52.0,5.0,,,31.041,28.448,24.06,8294.649,8323.097,8347.157,246.0,289.0,282.0,309.0,False,HARD,17.0,False,Mercedes,8263.592,2024-12-01 17:26:26.780,1,4.0,False,,False,True
8430.822,RUS,63,83.681,53.0,5.0,,,31.141,28.435,24.105,8378.298,8406.733,8430.838,,289.0,281.0,,False,HARD,18.0,False,Mercedes,8347.141,2024-12-01 17:27:50.329,1,4.0,False,,False,True
8514.382,RUS,63,83.56,54.0,5.0,,,31.119,28.292,24.149,8461.957,8490.249,8514.398,,288.0,282.0,310.0,False,HARD,19.0,False,Mercedes,8430.822,2024-12-01 17:29:14.010,1,4.0,False,,False,True
8597.743,RUS,63,83.361,55.0,5.0,,,30.987,28.306,24.068,8545.385,8573.691,8597.759,248.0,289.0,281.0,309.0,False,HARD,20.0,False,Mercedes,8514.382,2024-12-01 17:30:37.570,1,4.0,False,,False,True
8681.109,RUS,63,83.366,56.0,5.0,,,30.966,28.328,24.072,8628.725,8657.053,8681.125,249.0,290.0,282.0,,False,HARD,21.0,False,Mercedes,8597.743,2024-12-01 17:32:00.931,1,4.0,False,,False,True
8764.586,RUS,63,83.477,57.0,5.0,,,30.99,28.26,24.227,8712.115,8740.375,8764.602,246.0,290.0,282.0,,False,HARD,22.0,False,Mercedes,8681.109,2024-12-01 17:33:24.297,1,4.0,False,,False,True
3422.241,BOT,77,132.082,1.0,1.0,,,,51.555,41.613,,3380.666,3422.407,217.0,152.0,123.0,255.0,False,MEDIUM,1.0,True,Kick Sauber,3289.896,2024-12-01 16:03:33.084,124,13.0,False,,False,False
3566.653,BOT,77,144.412,2.0,1.0,,,52.671,45.267,46.474,3474.95,3520.217,3566.691,189.0,234.0,204.0,246.0,True,MEDIUM,2.0,True,Kick Sauber,3422.241,2024-12-01 16:05:45.429,4,13.0,False,,False,False
3705.471,BOT,77,138.818,3.0,1.0,,,46.965,42.727,49.126,3613.656,3656.383,3705.509,104.0,226.0,204.0,212.0,True,MEDIUM,3.0,True,Kick Sauber,3566.653,2024-12-01 16:08:09.841,4,13.0,False,,False,False
3837.918,BOT,77,132.447,4.0,1.0,,,41.084,39.977,51.386,3746.593,3786.57,3837.956,103.0,214.0,273.0,254.0,True,MEDIUM,4.0,True,Kick Sauber,3705.471,2024-12-01 16:10:28.659,41,13.0,False,,False,False
3929.942,BOT,77,92.024,5.0,1.0,,,35.119,30.124,26.781,3873.075,3903.199,3929.98,219.0,285.0,276.0,304.0,True,MEDIUM,5.0,True,Kick Sauber,3837.918,2024-12-01 16:12:41.106,12,14.0,False,,False,True
4019.342,BOT,77,89.4,6.0,1.0,,,33.365,29.917,26.118,3963.345,3993.262,4019.38,226.0,285.0,277.0,305.0,True,MEDIUM,6.0,True,Kick Sauber,3929.942,2024-12-01 16:14:13.130,1,14.0,False,,False,True
4107.592,BOT,77,88.25,7.0,1.0,,,32.623,29.687,25.94,4052.003,4081.69,4107.63,228.0,283.0,275.0,325.0,True,MEDIUM,7.0,True,Kick Sauber,4019.342,2024-12-01 16:15:42.530,1,14.0,False,,False,True
4196.093,BOT,77,88.501,8.0,1.0,,,32.733,29.804,25.964,4140.363,4170.167,4196.131,227.0,281.0,274.0,324.0,False,MEDIUM,8.0,True,Kick Sauber,4107.592,2024-12-01 16:17:10.780,1,14.0,False,,False,True
4283.948,BOT,77,87.855,9.0,1.0,,,32.574,29.47,25.811,4228.705,4258.175,4283.986,231.0,283.0,276.0,304.0,True,MEDIUM,9.0,True,Kick Sauber,4196.093,2024-12-01 16:18:39.281,1,14.0,False,,False,True
4371.665,BOT,77,87.717,10.0,1.0,,,32.276,29.546,25.895,4316.262,4345.808,4371.703,230.0,282.0,275.0,324.0,True,MEDIUM,10.0,True,Kick Sauber,4283.948,2024-12-01 16:20:07.136,1,14.0,False,,False,True
4459.806,BOT,77,88.141,11.0,1.0,,,32.575,29.654,25.912,4404.278,4433.932,4459.844,227.0,284.0,276.0,307.0,False,MEDIUM,11.0,True,Kick Sauber,4371.665,2024-12-01 16:21:34.853,1,14.0,False,,False,True
4547.648,BOT,77,87.842,12.0,1.0,,,32.415,29.669,25.758,4492.259,4521.928,4547.686,229.0,284.0,277.0,322.0,False,MEDIUM,12.0,True,Kick Sauber,4459.806,2024-12-01 16:23:02.994,1,14.0,False,,False,True
4635.401,BOT,77,87.753,13.0,1.0,,,32.307,29.556,25.89,4579.993,4609.549,4635.439,,283.0,275.0,321.0,False,MEDIUM,13.0,True,Kick Sauber,4547.648,2024-12-01 16:24:30.836,1,14.0,False,,False,True
4723.191,BOT,77,87.79,14.0,1.0,,,32.261,29.757,25.772,4667.7,4697.457,4723.229,227.0,285.0,276.0,324.0,False,MEDIUM,14.0,True,Kick Sauber,4635.401,2024-12-01 16:25:58.589,1,14.0,False,,False,True
4811.22,BOT,77,88.029,15.0,1.0,,,32.504,29.746,25.779,4755.733,4785.479,4811.258,229.0,284.0,277.0,322.0,False,MEDIUM,15.0,True,Kick Sauber,4723.191,2024-12-01 16:27:26.379,1,14.0,False,,False,True
4899.18,BOT,77,87.96,16.0,1.0,,,32.424,29.829,25.707,4843.682,4873.511,4899.218,231.0,284.0,275.0,324.0,False,MEDIUM,16.0,True,Kick Sauber,4811.22,2024-12-01 16:28:54.408,1,14.0,False,,False,True
4986.519,BOT,77,87.339,17.0,1.0,,,32.397,29.418,25.524,4931.615,4961.033,4986.557,229.0,284.0,276.0,305.0,True,MEDIUM,17.0,True,Kick Sauber,4899.18,2024-12-01 16:30:22.368,1,14.0,False,,False,True
5074.008,BOT,77,87.489,18.0,1.0,,,32.273,29.638,25.578,5018.83,5048.468,5074.046,,284.0,277.0,323.0,False,MEDIUM,18.0,True,Kick Sauber,4986.519,2024-12-01 16:31:49.707,1,14.0,False,,False,True
5161.168,BOT,77,87.16,19.0,1.0,,,32.283,29.468,25.409,5106.329,5135.797,5161.206,,285.0,279.0,320.0,True,MEDIUM,19.0,True,Kick Sauber,5074.008,2024-12-01 16:33:17.196,1,14.0,False,,False,True
5247.463,BOT,77,86.295,20.0,1.0,,,31.951,29.069,25.275,5193.157,5222.226,5247.501,230.0,283.0,274.0,326.0,True,MEDIUM,20.0,True,Kick Sauber,5161.168,2024-12-01 16:34:44.356,1,13.0,False,,False,True
5334.421,BOT,77,86.958,21.0,1.0,,,32.471,29.2,25.287,5279.972,5309.172,5334.459,233.0,283.0,274.0,295.0,False,MEDIUM,21.0,True,Kick Sauber,5247.463,2024-12-01 16:36:10.651,1,13.0,False,,False,True
5421.264,BOT,77,86.843,22.0,1.0,,,32.403,28.974,25.466,5366.862,5395.836,5421.302,230.0,283.0,274.0,,False,MEDIUM,22.0,True,Kick Sauber,5334.421,2024-12-01 16:37:37.609,1,13.0,False,,False,True
5507.563,BOT,77,86.299,23.0,1.0,,,32.164,28.893,25.242,5453.466,5482.359,5507.601,234.0,283.0,274.0,298.0,False,MEDIUM,23.0,True,Kick Sauber,5421.264,2024-12-01 16:39:04.452,1,13.0,False,,False,True
5598.105,BOT,77,90.542,24.0,1.0,,5594.078,32.155,28.917,29.47,5539.756,5568.673,5598.143,235.0,283.0,,296.0,False,MEDIUM,24.0,True,Kick Sauber,5507.563,2024-12-01 16:40:30.751,1,14.0,False,,False,False
5709.599,BOT,77,111.494,25.0,2.0,5623.038,,55.973,29.604,25.917,5654.116,5683.72,5709.637,229.0,281.0,271.0,171.0,False,HARD,1.0,False,Kick Sauber,5598.105,2024-12-01 16:42:01.293,1,17.0,False,,False,False
5796.678,BOT,77,87.079,26.0,2.0,,,32.552,28.907,25.62,5742.189,5771.096,5796.716,232.0,282.0,273.0,293.0,False,HARD,2.0,False,Kick Sauber,5709.599,2024-12-01 16:43:52.787,1,17.0,False,,False,True
5883.368,BOT,77,86.69,27.0,2.0,,,32.341,28.847,25.502,5829.057,5857.904,5883.406,231.0,282.0,273.0,295.0,False,HARD,3.0,False,Kick Sauber,5796.678,2024-12-01 16:45:19.866,1,17.0,False,,False,True
5972.774,BOT,77,89.406,28.0,2.0,,,32.166,30.163,27.077,5915.572,5945.735,5972.812,233.0,252.0,276.0,296.0,False,HARD,4.0,False,Kick Sauber,5883.368,2024-12-01 16:46:46.556,1,17.0,False,,False,True
6059.704,BOT,77,86.93,29.0,2.0,,,32.47,29.061,25.399,6005.282,6034.343,6059.742,235.0,284.0,275.0,290.0,False,HARD,5.0,False,Kick Sauber,5972.774,2024-12-01 16:48:15.962,12,17.0,False,,False,True
6146.165,BOT,77,86.461,30.0,2.0,,,32.248,28.923,25.29,6091.99,6120.913,6146.203,232.0,283.0,275.0,298.0,False,HARD,6.0,False,Kick Sauber,6059.704,2024-12-01 16:49:42.892,1,17.0,False,,False,True
6232.453,BOT,77,86.288,31.0,2.0,,,32.158,28.844,25.286,6178.361,6207.205,6232.491,,283.0,275.0,,True,HARD,7.0,False,Kick Sauber,6146.165,2024-12-01 16:51:09.353,1,17.0,False,,False,True
6321.1,BOT,77,88.647,32.0,2.0,,,32.599,29.064,26.984,6265.09,6294.154,6321.138,,284.0,277.0,297.0,False,HARD,8.0,False,Kick Sauber,6232.453,2024-12-01 16:52:35.641,1,17.0,False,,False,True
6409.561,BOT,77,88.461,33.0,2.0,,,33.872,29.234,25.355,6355.01,6384.244,6409.599,231.0,284.0,275.0,260.0,False,HARD,9.0,False,Kick Sauber,6321.1,2024-12-01 16:54:04.288,1,17.0,False,,False,True
6507.076,BOT,77,97.515,34.0,2.0,,,32.133,28.771,36.611,6441.732,6470.503,6507.114,233.0,269.0,203.0,300.0,False,HARD,10.0,False,Kick Sauber,6409.561,2024-12-01 16:55:32.749,14,17.0,False,,False,False
6657.255,BOT,77,,35.0,2.0,,6653.168,46.342,49.205,54.583,6553.505,6602.789,6657.316,176.0,155.0,,215.0,False,HARD,11.0,False,Kick Sauber,6507.076,2024-12-01 16:57:10.264,4,17.0,False,,False,False
6828.286,BOT,77,,36.0,3.0,6682.081,6823.053,74.313,44.771,51.976,6731.737,6776.452,6828.54,165.0,138.0,,125.0,False,MEDIUM,9.0,False,Kick Sauber,6657.255,2024-12-01 16:59:40.443,4,17.0,False,,False,False
6948.319,BOT,77,120.033,37.0,4.0,6851.232,,61.88,31.989,26.164,6890.204,6922.193,6948.357,153.0,281.0,272.0,148.0,False,MEDIUM,10.0,False,Kick Sauber,6828.286,2024-12-01 17:02:31.474,4,17.0,False,,False,False
7036.518,BOT,77,88.199,38.0,4.0,,,32.967,29.342,25.89,6981.324,7010.666,7036.556,232.0,284.0,274.0,292.0,False,MEDIUM,11.0,False,Kick Sauber,6948.319,2024-12-01 17:04:31.507,4,17.0,False,,False,False
7126.31,BOT,77,89.792,39.0,4.0,,,32.545,29.116,28.131,7069.101,7098.217,7126.348,,283.0,276.0,296.0,False,MEDIUM,12.0,False,Kick Sauber,7036.518,2024-12-01 17:05:59.706,41,16.0,False,,False,False
7243.596,BOT,77,117.286,40.0,4.0,,,33.638,40.93,42.718,7159.986,7200.916,7243.634,226.0,116.0,242.0,307.0,False,MEDIUM,13.0,False,Kick Sauber,7126.31,2024-12-01 17:07:29.498,1264,14.0,False,,False,False
7376.317,BOT,77,132.721,41.0,4.0,,,36.243,44.564,51.914,7279.877,7324.441,7376.355,218.0,232.0,211.0,266.0,False,MEDIUM,14.0,False,Kick Sauber,7243.596,2024-12-01 17:09:26.784,4,13.0,False,,False,False
7509.561,BOT,77,133.244,42.0,4.0,,,42.469,44.046,46.729,7418.824,7462.87,7509.599,161.0,204.0,287.0,256.0,False,MEDIUM,15.0,False,Kick Sauber,7376.317,2024-12-01 17:11:39.505,41,13.0,False,,False,False
7597.947,BOT,77,88.386,43.0,4.0,,,33.469,29.589,25.328,7543.068,7572.657,7597.985,233.0,285.0,282.0,308.0,False,MEDIUM,16.0,False,Kick Sauber,7509.561,2024-12-01 17:13:52.749,1,12.0,False,,False,True
7684.726,BOT,77,86.779,44.0,4.0,,,32.444,29.082,25.253,7630.429,7659.511,7684.764,235.0,288.0,279.0,,False,MEDIUM,17.0,False,Kick Sauber,7597.947,2024-12-01 17:15:21.135,1,12.0,False,,False,True
7771.022,BOT,77,86.296,45.0,4.0,,,31.949,28.989,25.358,7716.713,7745.702,7771.06,,286.0,277.0,321.0,False,MEDIUM,18.0,False,Kick Sauber,7684.726,2024-12-01 17:16:47.914,1,12.0,False,,False,True
7858.001,BOT,77,86.979,46.0,4.0,,,32.747,28.99,25.242,7803.807,7832.797,7858.039,233.0,286.0,277.0,298.0,False,MEDIUM,19.0,False,Kick Sauber,7771.022,2024-12-01 17:18:14.210,1,12.0,False,,False,True
7943.921,BOT,77,85.92,47.0,4.0,,,32.097,28.76,25.063,7890.136,7918.896,7943.959,236.0,285.0,277.0,299.0,True,MEDIUM,20.0,False,Kick Sauber,7858.001,2024-12-01 17:19:41.189,1,11.0,False,,False,True
8029.469,BOT,77,85.548,48.0,4.0,,,31.917,28.56,25.071,7975.876,8004.436,8029.507,,285.0,276.0,300.0,True,MEDIUM,21.0,False,Kick Sauber,7943.921,2024-12-01 17:21:07.109,1,11.0,False,,False,True
8115.108,BOT,77,85.639,49.0,4.0,,,31.878,28.614,25.147,8061.385,8089.999,8115.146,237.0,286.0,277.0,301.0,False,MEDIUM,22.0,False,Kick Sauber,8029.469,2024-12-01 17:22:32.657,1,11.0,False,,False,True
8200.989,BOT,77,85.881,50.0,4.0,,,32.074,28.727,25.08,8147.22,8175.947,8201.027,234.0,286.0,278.0,297.0,False,MEDIUM,23.0,False,Kick Sauber,8115.108,2024-12-01 17:23:58.296,1,11.0,False,,False,True
8287.341,BOT,77,86.352,51.0,4.0,,,32.051,29.052,25.249,8233.078,8262.13,8287.379,233.0,288.0,281.0,303.0,False,MEDIUM,24.0,False,Kick Sauber,8200.989,2024-12-01 17:25:24.177,1,11.0,False,,False,True
8374.268,BOT,77,86.927,52.0,4.0,,,32.454,29.38,25.093,8319.833,8349.213,8374.306,,286.0,278.0,326.0,False,MEDIUM,25.0,False,Kick Sauber,8287.341,2024-12-01 17:26:50.529,1,11.0,True,TRACK LIMITS AT TURN 1 LAP 52 ,False,True
8459.801,BOT,77,85.533,53.0,4.0,,,31.701,28.884,24.948,8406.007,8434.891,8459.839,234.0,285.0,277.0,314.0,True,MEDIUM,26.0,False,Kick Sauber,8374.268,2024-12-01 17:28:17.456,1,10.0,False,,False,True
8546.369,BOT,77,86.568,54.0,4.0,,,32.532,28.737,25.299,8492.371,8521.108,8546.407,232.0,286.0,276.0,297.0,False,MEDIUM,27.0,False,Kick Sauber,8459.801,2024-12-01 17:29:42.989,1,11.0,False,,False,True
8632.42,BOT,77,86.051,55.0,4.0,,,32.111,28.72,25.22,8578.518,8607.238,8632.458,234.0,285.0,275.0,295.0,False,MEDIUM,28.0,False,Kick Sauber,8546.369,2024-12-01 17:31:09.557,1,11.0,False,,False,True
8718.731,BOT,77,86.311,56.0,4.0,,,32.09,28.873,25.348,8664.548,8693.421,8718.769,233.0,285.0,275.0,,False,MEDIUM,29.0,False,Kick Sauber,8632.42,2024-12-01 17:32:35.608,1,11.0,False,,False,True
8805.745,BOT,77,87.014,57.0,4.0,,,32.162,28.983,25.869,8750.931,8779.914,8805.783,239.0,284.0,273.0,299.0,False,MEDIUM,30.0,False,Kick Sauber,8718.731,2024-12-01 17:34:01.919,1,11.0,False,,False,True
3408.672,PIA,81,118.513,1.0,1.0,,,,40.081,41.779,,3366.974,3408.824,219.0,90.0,156.0,243.0,False,MEDIUM,1.0,True,McLaren,3289.896,2024-12-01 16:03:33.084,124,5.0,False,,False,False
3551.585,PIA,81,142.913,2.0,1.0,,,53.604,44.96,44.349,3462.32,3507.28,3551.629,83.0,246.0,219.0,144.0,True,MEDIUM,2.0,True,McLaren,3408.672,2024-12-01 16:05:31.860,4,5.0,False,,False,False
3689.292,PIA,81,137.707,3.0,1.0,,,49.601,41.016,47.09,3601.23,3642.246,3689.336,180.0,247.0,215.0,279.0,True,MEDIUM,3.0,True,McLaren,3551.585,2024-12-01 16:07:54.773,4,5.0,False,,False,False
3834.918,PIA,81,145.626,4.0,1.0,,,45.489,41.218,58.919,3734.825,3776.043,3834.962,187.0,198.0,279.0,236.0,False,MEDIUM,4.0,True,McLaren,3689.292,2024-12-01 16:10:12.480,41,5.0,False,,False,False
3922.521,PIA,81,87.603,5.0,1.0,,,32.822,29.372,25.409,3867.784,3897.156,3922.565,228.0,284.0,278.0,304.0,True,MEDIUM,5.0,True,McLaren,3834.918,2024-12-01 16:12:38.106,12,4.0,False,,False,True
4009.541,PIA,81,87.02,6.0,1.0,,,32.629,29.384,25.007,3955.194,3984.578,4009.585,229.0,283.0,279.0,298.0,True,MEDIUM,6.0,True,McLaren,3922.521,2024-12-01 16:14:05.709,1,4.0,False,,False,True
4096.392,PIA,81,86.851,7.0,1.0,,,32.47,29.302,25.079,4042.055,4071.357,4096.436,227.0,284.0,277.0,315.0,True,MEDIUM,7.0,True,McLaren,4009.541,2024-12-01 16:15:32.729,1,4.0,False,,False,True
4182.714,PIA,81,86.322,8.0,1.0,,,32.043,29.38,24.899,4128.479,4157.859,4182.758,230.0,284.0,277.0,321.0,True,MEDIUM,8.0,True,McLaren,4096.392,2024-12-01 16:16:59.580,1,4.0,False,,False,True
4269.178,PIA,81,86.464,9.0,1.0,,,32.142,29.364,24.958,4214.9,4244.264,4269.222,226.0,284.0,278.0,,False,MEDIUM,9.0,True,McLaren,4182.714,2024-12-01 16:18:25.902,1,4.0,False,,False,True
4355.347,PIA,81,86.169,10.0,1.0,,,31.967,29.307,24.895,4301.189,4330.496,4355.391,230.0,284.0,278.0,322.0,True,MEDIUM,10.0,True,McLaren,4269.178,2024-12-01 16:19:52.366,1,4.0,False,,False,True
4441.729,PIA,81,86.382,11.0,1.0,,,32.188,29.308,24.886,4387.579,4416.887,4441.773,228.0,285.0,278.0,,False,MEDIUM,11.0,True,McLaren,4355.347,2024-12-01 16:21:18.535,1,4.0,False,,False,True
4528.017,PIA,81,86.288,12.0,1.0,,,31.934,29.424,24.93,4473.707,4503.131,4528.061,230.0,283.0,277.0,,False,MEDIUM,12.0,True,McLaren,4441.729,2024-12-01 16:22:44.917,1,4.0,False,,False,True
4614.052,PIA,81,86.035,13.0,1.0,,,32.002,29.21,24.823,4560.063,4589.273,4614.096,232.0,285.0,277.0,304.0,True,MEDIUM,13.0,True,McLaren,4528.017,2024-12-01 16:24:11.205,1,4.0,False,,False,True
4700.108,PIA,81,86.056,14.0,1.0,,,32.007,29.315,24.734,4646.103,4675.418,4700.152,,284.0,278.0,305.0,False,MEDIUM,14.0,True,McLaren,4614.052,2024-12-01 16:25:37.240,1,4.0,False,,False,True
4785.911,PIA,81,85.803,15.0,1.0,,,31.877,29.279,24.647,4732.029,4761.308,4785.955,233.0,286.0,278.0,322.0,True,MEDIUM,15.0,True,McLaren,4700.108,2024-12-01 16:27:03.296,1,4.0,False,,False,True
4872.385,PIA,81,86.474,16.0,1.0,,,31.891,29.275,25.308,4817.846,4847.121,4872.429,232.0,285.0,273.0,,False,MEDIUM,16.0,True,McLaren,4785.911,2024-12-01 16:28:29.099,1,4.0,True,TRACK LIMITS AT TURN 16 LAP 16 ,False,True
4958.416,PIA,81,86.031,17.0,1.0,,,32.076,29.173,24.782,4904.505,4933.678,4958.46,231.0,284.0,276.0,320.0,False,MEDIUM,17.0,True,McLaren,4872.385,2024-12-01 16:29:55.573,1,4.0,True,TRACK LIMITS AT TURN 16 (NEXT LAP),False,True
5044.119,PIA,81,85.703,18.0,1.0,,,31.932,29.068,24.703,4990.392,5019.46,5044.163,233.0,284.0,276.0,305.0,True,MEDIUM,18.0,True,McLaren,4958.416,2024-12-01 16:31:21.604,1,4.0,False,,False,True
5129.613,PIA,81,85.494,19.0,1.0,,,31.888,28.981,24.625,5076.051,5105.032,5129.657,234.0,284.0,277.0,304.0,True,MEDIUM,19.0,True,McLaren,5044.119,2024-12-01 16:32:47.307,1,4.0,False,,False,True
5215.13,PIA,81,85.517,20.0,1.0,,,31.91,28.97,24.637,5161.567,5190.537,5215.174,235.0,284.0,277.0,,False,MEDIUM,20.0,True,McLaren,5129.613,2024-12-01 16:34:12.801,1,4.0,False,,False,True
5300.496,PIA,81,85.366,21.0,1.0,,,31.824,28.953,24.589,5246.998,5275.951,5300.54,,285.0,279.0,,True,MEDIUM,21.0,True,McLaren,5215.13,2024-12-01 16:35:38.318,1,4.0,False,,False,True
5385.714,PIA,81,85.218,22.0,1.0,,,31.596,29.125,24.497,5332.136,5361.261,5385.758,234.0,285.0,281.0,322.0,True,MEDIUM,22.0,True,McLaren,5300.496,2024-12-01 16:37:03.684,1,4.0,False,,False,True
5471.348,PIA,81,85.634,23.0,1.0,,,31.782,29.242,24.61,5417.54,5446.782,5471.392,,285.0,277.0,324.0,False,MEDIUM,23.0,True,McLaren,5385.714,2024-12-01 16:38:28.902,1,3.0,False,,False,True
5556.098,PIA,81,84.75,24.0,1.0,,,31.398,28.788,24.564,5502.79,5531.578,5556.142,235.0,284.0,276.0,318.0,True,MEDIUM,24.0,True,McLaren,5471.348,2024-12-01 16:39:54.536,1,3.0,False,,False,True
5640.995,PIA,81,84.897,25.0,1.0,,,31.783,28.772,24.342,5587.925,5616.697,5641.039,236.0,284.0,276.0,302.0,False,MEDIUM,25.0,True,McLaren,5556.098,2024-12-01 16:41:19.286,1,3.0,False,,False,True
5725.893,PIA,81,84.898,26.0,1.0,,,31.744,28.781,24.373,5672.783,5701.564,5725.937,237.0,284.0,276.0,303.0,False,MEDIUM,26.0,True,McLaren,5640.995,2024-12-01 16:42:44.183,1,3.0,False,,False,True
5810.62,PIA,81,84.727,27.0,1.0,,,31.599,28.738,24.39,5757.536,5786.274,5810.664,,285.0,276.0,302.0,True,MEDIUM,27.0,True,McLaren,5725.893,2024-12-01 16:44:09.081,1,3.0,False,,False,True
5895.33,PIA,81,84.71,28.0,1.0,,,31.632,28.69,24.388,5842.296,5870.986,5895.374,,285.0,277.0,,True,MEDIUM,28.0,True,McLaren,5810.62,2024-12-01 16:45:33.808,1,3.0,False,,False,True
5980.091,PIA,81,84.761,29.0,1.0,,,31.568,28.744,24.449,5926.942,5955.686,5980.135,,285.0,276.0,,False,MEDIUM,29.0,True,McLaren,5895.33,2024-12-01 16:46:58.518,12,3.0,False,,False,True
6065.22,PIA,81,85.129,30.0,1.0,,,32.024,28.701,24.404,6012.159,6040.86,6065.264,,285.0,277.0,275.0,False,MEDIUM,30.0,True,McLaren,5980.091,2024-12-01 16:48:23.279,21,3.0,False,,False,True
6150.103,PIA,81,84.883,31.0,1.0,,,31.714,28.831,24.338,6096.978,6125.809,6150.147,,284.0,277.0,303.0,False,MEDIUM,31.0,True,McLaren,6065.22,2024-12-01 16:49:48.408,1,3.0,False,,False,True
6234.997,PIA,81,84.894,32.0,1.0,,,31.769,28.717,24.408,6181.916,6210.633,6235.041,235.0,285.0,278.0,304.0,False,MEDIUM,32.0,True,McLaren,6150.103,2024-12-01 16:51:13.291,1,3.0,False,,False,True
6320.281,PIA,81,85.284,33.0,1.0,,,31.705,28.931,24.648,6266.746,6295.677,6320.325,238.0,285.0,279.0,305.0,False,MEDIUM,33.0,True,McLaren,6234.997,2024-12-01 16:52:38.185,1,3.0,False,,False,True
6409.621,PIA,81,89.34,34.0,1.0,,6405.634,31.509,28.84,28.991,6351.834,6380.674,6409.665,235.0,285.0,,321.0,False,MEDIUM,34.0,True,McLaren,6320.281,2024-12-01 16:54:03.469,1,4.0,False,,False,False
6537.245,PIA,81,127.624,35.0,2.0,6433.307,,53.714,41.093,32.817,6463.379,6504.472,6537.289,231.0,214.0,184.0,179.0,False,HARD,1.0,True,McLaren,6409.621,2024-12-01 16:55:32.809,14,5.0,False,,False,False
6665.385,PIA,81,128.14,36.0,2.0,,6661.345,46.143,39.986,42.011,6583.432,6623.418,6665.429,186.0,211.0,,202.0,False,HARD,2.0,True,McLaren,6537.245,2024-12-01 16:57:40.433,4,4.0,False,,False,False
6830.949,PIA,81,,37.0,3.0,6684.232,6826.174,69.279,43.491,52.77,6734.732,6778.379,6831.173,127.0,237.0,,111.0,False,HARD,3.0,False,McLaren,6665.385,2024-12-01 16:59:48.573,4,4.0,False,,False,False
6979.229,PIA,81,148.28,38.0,4.0,6855.396,,62.141,42.837,43.302,6893.134,6935.971,6979.273,154.0,225.0,248.0,113.0,False,HARD,4.0,False,McLaren,6830.949,2024-12-01 17:02:34.137,4,4.0,False,,False,False
7121.101,PIA,81,141.872,39.0,4.0,,,49.714,43.67,48.488,7028.987,7072.657,7121.145,202.0,243.0,279.0,109.0,False,HARD,5.0,False,McLaren,6979.229,2024-12-01 17:05:02.417,41,4.0,False,,False,False
7224.479,PIA,81,103.378,40.0,4.0,,,33.687,29.843,39.848,7154.832,7184.675,7224.523,231.0,158.0,265.0,304.0,False,HARD,6.0,False,McLaren,7121.101,2024-12-01 17:07:24.289,1264,4.0,False,,False,False
7360.289,PIA,81,135.81,41.0,4.0,,,44.157,44.77,46.883,7268.68,7313.45,7360.333,186.0,238.0,241.0,287.0,False,HARD,7.0,False,McLaren,7224.479,2024-12-01 17:09:07.667,4,4.0,False,,False,False
7506.167,PIA,81,145.878,42.0,4.0,,,47.357,44.528,53.993,7407.69,7452.218,7506.211,190.0,259.0,280.0,286.0,False,HARD,8.0,False,McLaren,7360.289,2024-12-01 17:11:23.477,41,4.0,False,,False,False
7592.283,PIA,81,86.116,43.0,4.0,,,32.589,28.879,24.648,7538.8,7567.679,7592.327,238.0,289.0,280.0,302.0,False,HARD,9.0,False,McLaren,7506.167,2024-12-01 17:13:49.355,1,4.0,False,,False,True
7676.584,PIA,81,84.301,44.0,4.0,,,31.523,28.442,24.336,7623.85,7652.292,7676.628,240.0,287.0,280.0,305.0,True,HARD,10.0,False,McLaren,7592.283,2024-12-01 17:15:15.471,1,4.0,False,,False,True
7760.564,PIA,81,83.98,45.0,4.0,,,31.39,28.358,24.232,7708.018,7736.376,7760.608,239.0,287.0,280.0,306.0,True,HARD,11.0,False,McLaren,7676.584,2024-12-01 17:16:39.772,1,3.0,False,,False,True
7844.473,PIA,81,83.909,46.0,4.0,,,31.303,28.432,24.174,7791.911,7820.343,7844.517,,287.0,279.0,,True,HARD,12.0,False,McLaren,7760.564,2024-12-01 17:18:03.752,1,3.0,False,,False,True
7928.041,PIA,81,83.568,47.0,4.0,,,31.175,28.317,24.076,7875.692,7904.009,7928.085,240.0,286.0,280.0,,True,HARD,13.0,False,McLaren,7844.473,2024-12-01 17:19:27.661,1,3.0,False,,False,True
8011.665,PIA,81,83.624,48.0,4.0,,,31.266,28.279,24.079,7959.351,7987.63,8011.709,239.0,288.0,280.0,,False,HARD,14.0,False,McLaren,7928.041,2024-12-01 17:20:51.229,1,3.0,True,TRACK LIMITS AT TURN 6 LAP 48 ,False,True
8095.288,PIA,81,83.623,49.0,4.0,,,31.178,28.361,24.084,8042.887,8071.248,8095.332,238.0,288.0,280.0,,False,HARD,15.0,False,McLaren,8011.665,2024-12-01 17:22:14.853,1,3.0,False,,False,True
8178.913,PIA,81,83.625,50.0,4.0,,,31.238,28.314,24.073,8126.57,8154.884,8178.957,,287.0,280.0,,False,HARD,16.0,False,McLaren,8095.288,2024-12-01 17:23:38.476,1,3.0,False,,False,True
8262.131,PIA,81,83.218,51.0,4.0,,,31.026,28.232,23.96,8209.983,8238.215,8262.175,240.0,288.0,280.0,305.0,True,HARD,17.0,False,McLaren,8178.913,2024-12-01 17:25:02.101,1,3.0,False,,False,True
8345.609,PIA,81,83.478,52.0,4.0,,,31.164,28.287,24.027,8293.339,8321.626,8345.653,,287.0,280.0,306.0,False,HARD,18.0,False,McLaren,8262.131,2024-12-01 17:26:25.319,1,3.0,False,,False,True
8429.132,PIA,81,83.523,53.0,4.0,,,31.087,28.409,24.027,8376.74,8405.149,8429.176,241.0,288.0,280.0,,False,HARD,19.0,False,McLaren,8345.609,2024-12-01 17:27:48.797,1,3.0,False,,False,True
8512.502,PIA,81,83.37,54.0,4.0,,,31.143,28.268,23.959,8460.319,8488.587,8512.546,240.0,288.0,281.0,,False,HARD,20.0,False,McLaren,8429.132,2024-12-01 17:29:12.320,1,3.0,False,,False,True
8595.771,PIA,81,83.269,55.0,4.0,,,31.165,28.214,23.89,8543.711,8571.925,8595.815,,289.0,280.0,,False,HARD,21.0,False,McLaren,8512.502,2024-12-01 17:30:35.690,1,3.0,False,,False,True
8679.084,PIA,81,83.313,56.0,4.0,,,31.161,28.231,23.921,8626.976,8655.207,8679.128,241.0,289.0,280.0,,False,HARD,22.0,False,McLaren,8595.771,2024-12-01 17:31:58.959,1,3.0,False,,False,True
8762.325,PIA,81,83.241,57.0,4.0,,,31.025,28.159,24.057,8710.153,8738.312,8762.369,242.0,289.0,281.0,307.0,False,HARD,23.0,False,McLaren,8679.084,2024-12-01 17:33:22.272,1,3.0,False,,False,True
